0 50.000000 20.000000
200 50.465340 19.996131
400 51.048083 19.986743
600 51.685389 19.975758
800 52.360195 19.964703
1000 53.060378 19.954320
1200 53.777539 19.944929
1400 54.507364 19.936686
1600 55.247530 19.929473
1800 55.995898 19.923306
2000 56.750854 19.918210
2200 57.511716 19.914095
2400 58.277938 19.910891
2600 59.048763 19.908576
2800 59.823713 19.907131
3000 60.602638 19.906483
3200 61.385231 19.906599
3400 62.171035 19.907484
3600 62.935433 19.909126
3800 63.718601 19.911469
4000 64.508383 19.914356
4200 65.302184 19.918027
4400 66.099718 19.922302
4600 66.900594 19.926980
4800 67.704130 19.932147
5000 68.509942 19.937915
5200 69.317857 19.944241
5400 70.127615 19.951072
5600 70.938928 19.958440
5800 71.751681 19.966376
6000 72.565820 19.974834
6200 73.381233 19.983690
6400 74.197866 19.992856
6600 75.015729 20.002222
6800 75.834659 20.011810
7000 76.649495 20.021734
7200 77.456357 20.032527
7400 78.269881 20.043786
7600 79.086707 20.055237
7800 79.905837 20.066619
8000 80.726588 20.078085
8200 81.548329 20.090063
8400 82.370703 20.102618
8600 83.193755 20.115379
8800 84.017579 20.128025
9000 84.841898 20.140725
9200 85.666262 20.153888
9400 86.490575 20.167522
9600 87.315068 20.181230
9800 88.139771 20.194770
10000 88.964393 20.208481
10200 89.788746 20.222649
10400 90.612247 20.237041
10600 91.430074 20.251307
10800 92.246246 20.265677
11000 93.064310 20.280398
11200 93.883502 20.295405
11400 94.703614 20.310280
11600 95.524313 20.325054
11800 96.345159 20.340118
12000 97.165965 20.355472
12200 97.986852 20.370733
12400 98.807820 20.385867
12600 99.628551 20.401290
12800 100.448889 20.417044
13000 101.268990 20.432705
13200 102.088869 20.448153
13400 102.908357 20.463747
13600 103.727373 20.479562
13800 104.545914 20.495341
14000 105.362118 20.511043
14200 106.174935 20.527009
14400 106.987023 20.543151
14600 107.799752 20.559133
14800 108.612938 20.575010
15000 109.426279 20.591144
15200 110.239672 20.607490
15400 111.053095 20.623702
15600 111.866395 20.639790
15800 112.679409 20.655998
16000 113.492096 20.672343
16200 114.304479 20.688652
16400 115.116466 20.704964
16600 115.927914 20.721406
16800 116.738855 20.737824
17000 117.549321 20.754151
17200 118.359187 20.770626
17400 119.167802 20.787276
17600 119.974229 20.803851
17800 120.778393 20.820296
18000 121.581805 20.836901
18200 122.384966 20.853784
18400 123.187953 20.870606
18600 123.990724 20.887233
18800 124.793123 20.903962
19000 125.595103 20.920933
19200 126.396688 20.937916
19400 127.197801 20.954791
19600 127.998342 20.971710
19800 128.798283 20.988758
20000 129.597671 21.005834
20200 130.396488 21.022874
20400 131.194656 21.039916
20600 131.992198 21.056937
20800 132.788999 21.073957
21000 133.584338 21.091051
21200 134.378015 21.108141
21400 135.170083 21.125123
21600 135.961376 21.142098
21800 136.752155 21.159211
22000 137.542488 21.176353
22200 138.332410 21.193348
22400 139.121843 21.210332
22600 139.910721 21.227468
22800 140.699049 21.244577
23000 141.486814 21.261571
23200 142.273930 21.278636
23400 143.060305 21.295838
23600 143.846009 21.312963
23800 144.631056 21.329941
24000 145.415367 21.347041
24200 146.198892 21.364315
24400 146.981402 21.381504
24600 147.762726 21.398543
24800 148.542629 21.415697
25000 149.321276 21.433003
25200 150.099158 21.450231
25400 150.876484 21.467358
25600 151.653295 21.484524
25800 152.429594 21.501772
26000 153.205457 21.518972
26200 153.980867 21.536123
26400 154.755775 21.553320
26600 155.530150 21.570543
26800 156.303990 21.587726
27000 157.077295 21.604865
27200 157.849990 21.622036
27400 158.622092 21.639186
27600 159.393578 21.656289
27800 160.164369 21.673341
28000 160.934181 21.690398
28200 161.702960 21.707470
28400 162.470576 21.724525
28600 163.237184 21.741544
28800 164.003007 21.758556
29000 164.768106 21.775636
29200 165.532557 21.792707
29400 166.296381 21.809718
29600 167.059596 21.826720
29800 167.822135 21.843838
30000 168.583996 21.860977
30200 169.345208 21.878052
30400 170.105748 21.895144
30600 170.865566 21.912372
30800 171.624648 21.929635
31000 172.383056 21.946839
31200 173.140722 21.964084
31400 173.897503 21.981442
31600 174.653318 21.998804
31800 175.408188 22.016094
32000 176.161975 22.033415
32200 176.914794 22.050786
32400 177.666817 22.068101
32600 178.418167 22.085339
32800 179.168813 22.102592
33000 179.918774 22.119841
33200 180.668103 22.137017
33400 181.416793 22.154166
33600 182.164771 22.171345
33800 182.912050 22.188490
34000 183.658667 22.205568
34200 184.404567 22.222689
34400 185.149684 22.239849
34600 185.894052 22.256949
34800 186.637652 22.274002
35000 187.380323 22.291149
35200 188.122003 22.308322
35400 188.862703 22.325414
35600 189.602412 22.342504
35800 190.341168 22.359727
36000 191.079066 22.376956
36200 191.816247 22.394103
36400 192.552732 22.411284
36600 193.288520 22.428568
36800 194.023669 22.445811
37000 194.758219 22.462971
37200 195.492135 22.480187
37400 196.225419 22.497459
37600 196.958117 22.514666
37800 197.690219 22.531829
38000 198.421675 22.549061
38200 199.152490 22.566302
38400 199.882605 22.583468
38600 200.611974 22.600607
38800 201.340538 22.617788
39000 202.068302 22.634921
39200 202.795215 22.651977
39400 203.521356 22.669014
39600 204.246748 22.686071
39800 204.971462 22.703067
40000 205.695472 22.720009
40200 206.418804 22.736961
40400 207.141466 22.753920
40600 207.863422 22.770846
40800 208.584679 22.787751
41000 209.305229 22.804679
41200 210.025073 22.821604
41400 210.744160 22.838546
41600 211.462523 22.855506
41800 212.180121 22.872487
42000 212.896906 22.889505
42200 213.612844 22.906584
42400 214.327960 22.923695
42600 215.042188 22.940817
42800 215.755543 22.958021
43000 216.468099 22.975280
43200 217.179865 22.992520
43400 217.890852 23.009768
43600 218.601099 23.027066
43800 219.310660 23.044338
44000 220.019468 23.061533
44200 220.727568 23.078730
44400 221.435005 23.095916
44600 222.141728 23.113012
44800 222.847718 23.130069
45000 223.553002 23.147126
45200 224.257569 23.164144
45400 224.961324 23.181103
45600 225.664299 23.198059
45800 226.366468 23.215028
46000 227.067755 23.231951
46200 227.768186 23.248865
46400 228.467752 23.265818
46600 229.166457 23.282759
46800 229.864330 23.299683
47000 230.561399 23.316630
47200 231.257667 23.333617
47400 231.953153 23.350596
47600 232.647917 23.367565
47800 233.341942 23.384607
48000 234.035254 23.401647
48200 234.727896 23.418657
48400 235.419847 23.435723
48600 236.111127 23.452794
48800 236.801759 23.469848
49000 237.491708 23.486905
49200 238.180957 23.503977
49400 238.869538 23.521051
49600 239.557401 23.538087
49800 240.244502 23.555133
50000 240.930909 23.572178
50200 241.616588 23.589179
50400 242.301534 23.606152
50600 242.985828 23.623108
50800 243.669422 23.640044
51000 244.352324 23.656907
51200 245.034594 23.673728
51400 245.716181 23.690560
51600 246.397095 23.707317
51800 247.077349 23.724014
52000 247.756896 23.740744
52200 248.435732 23.757444
52400 249.113839 23.774090
52600 249.791191 23.790755
52800 250.467788 23.807436
53000 251.143602 23.824103
53200 251.818617 23.840778
53400 252.492834 23.857493
53600 253.166256 23.874244
53800 253.838886 23.891023
54000 254.510732 23.907854
54200 255.181837 23.924732
54400 255.852198 23.941654
54600 256.521822 23.958634
54800 257.190746 23.975630
55000 257.858943 23.992649
55200 258.526421 24.009713
55400 259.193197 24.026749
55600 259.859218 24.043754
55800 260.524513 24.060770
56000 261.189088 24.077737
56200 261.852876 24.094636
56400 262.515930 24.111511
56600 263.178245 24.128335
56800 263.839744 24.145101
57000 264.500473 24.161840
57200 265.160425 24.178540
57400 265.819557 24.195212
57600 266.477915 24.211880
57800 267.135494 24.228520
58000 267.792288 24.245139
58200 268.448323 24.261779
58400 269.103581 24.278414
58600 269.758088 24.295030
58800 270.411842 24.311682
59000 271.064821 24.328353
59200 271.717070 24.345012
59400 272.368577 24.361701
59600 273.019335 24.378413
59800 273.669377 24.395124
60000 274.318691 24.411862
60200 274.967301 24.428611
60400 275.615206 24.445366
60600 276.262395 24.462149
60800 276.908930 24.478927
61000 277.554784 24.495702
61200 278.199944 24.512485
61400 278.844473 24.529264
61600 279.488333 24.546010
61800 280.131513 24.562731
62000 280.774048 24.579465
62200 281.415921 24.596142
62400 282.057137 24.612763
62600 282.697690 24.629406
62800 283.337570 24.645984
63000 283.976808 24.662493
63200 284.615361 24.679007
63400 285.253203 24.695460
63600 285.890382 24.711855
63800 286.526846 24.728228
64000 287.162568 24.744565
64200 287.797560 24.760895
64400 288.431810 24.777195
64600 289.065323 24.793475
64800 289.698087 24.809802
65000 290.330117 24.826108
65200 290.961424 24.842404
65400 291.591984 24.858773
65600 292.221827 24.875166
65800 292.850956 24.891575
66000 293.479366 24.908047
66200 294.107090 24.924557
66400 294.734104 24.941135
66600 295.360434 24.957736
66800 295.986058 24.974349
67000 296.610955 24.991035
67200 297.235164 25.007711
67400 297.858612 25.024365
67600 298.481312 25.041042
67800 299.103274 25.057665
68000 299.724453 25.074270
68200 300.344911 25.090835
68400 300.964592 25.107326
68600 301.583524 25.123788
68800 302.201754 25.140195
69000 302.819196 25.156551
69200 303.435916 25.172877
69400 304.051884 25.189144
69600 304.667104 25.205397
69800 305.281610 25.221655
70000 305.895332 25.237874
70200 306.508336 25.254076
70400 307.120601 25.270289
70600 307.732129 25.286510
70800 308.342935 25.302739
71000 308.952977 25.318968
71200 309.562304 25.335205
71400 310.170890 25.351472
71600 310.778755 25.367742
71800 311.385908 25.384031
72000 311.992335 25.400337
72200 312.598082 25.416646
72400 313.203139 25.432982
72600 313.807550 25.449339
72800 314.411309 25.465708
73000 315.014411 25.482061
73200 315.616877 25.498430
73400 316.218699 25.514789
73600 316.819922 25.531140
73800 317.420507 25.547467
74000 318.020440 25.563747
74200 318.619732 25.580034
74400 319.218351 25.596262
74600 319.816343 25.612465
74800 320.413665 25.628638
75000 321.010322 25.644742
75200 321.606315 25.660852
75400 322.201609 25.676887
75600 322.796245 25.692894
75800 323.390182 25.708858
76000 323.983437 25.724761
76200 324.575998 25.740673
76400 325.167846 25.756520
76600 325.759015 25.772366
76800 326.349478 25.788195
77000 326.939267 25.804010
77200 327.528352 25.819856
77400 328.116744 25.835689
77600 328.704441 25.851570
77800 329.291447 25.867457
78000 329.877783 25.883373
78200 330.463420 25.899350
78400 331.048401 25.915344
78600 331.632687 25.931419
78800 332.216316 25.947509
79000 332.799258 25.963639
79200 333.381503 25.979792
79400 333.963071 25.995936
79600 334.543919 26.012128
79800 335.124076 26.028290
80000 335.703488 26.044468
80200 336.282205 26.060595
80400 336.860162 26.076681
80600 337.437393 26.092742
80800 338.013901 26.108722
81000 338.589668 26.124691
81200 339.164741 26.140598
81400 339.739047 26.156467
81600 340.312668 26.172278
81800 340.885522 26.188046
82000 341.457673 26.203796
82200 342.029087 26.219511
82400 342.599792 26.235223
82600 343.169801 26.250928
82800 343.739071 26.266632
83000 344.307680 26.282327
83200 344.875564 26.298021
83400 345.442796 26.313731
83600 346.009312 26.329438
83800 346.575179 26.345160
84000 347.140351 26.360896
84200 347.704848 26.376649
84400 348.268679 26.392417
84600 348.831831 26.408192
84800 349.394343 26.423992
85000 349.956178 26.439789
85200 350.517395 26.455609
85400 351.077951 26.471422
85600 351.637894 26.487255
85800 352.197203 26.503074
86000 352.755916 26.518886
86200 353.314027 26.534686
86400 353.871529 26.550441
86600 354.428415 26.566188
86800 354.984661 26.581875
87000 355.540292 26.597565
87200 356.095270 26.613179
87400 356.649633 26.628793
87600 357.203348 26.644350
87800 357.756436 26.659877
88000 358.308856 26.675366
88200 358.860627 26.690804
88400 359.411711 26.706223
88600 359.962130 26.721574
88800 360.511867 26.736933
89000 361.060936 26.752219
89200 361.609350 26.767524
89400 362.157095 26.782776
89600 362.704196 26.798048
89800 363.250626 26.813299
90000 363.796423 26.828571
90200 364.341535 26.843850
90400 364.886041 26.859147
90600 365.429866 26.874483
90800 365.973100 26.889827
91000 366.515666 26.905240
91200 367.057618 26.920654
91400 367.598917 26.936145
91600 368.139583 26.951624
91800 368.679594 26.967167
92000 369.218950 26.982685
92200 369.757637 26.998246
92400 370.295641 27.013781
92600 370.832966 27.029325
92800 371.369581 27.044854
93000 371.905509 27.060344
93200 372.440709 27.075834
93400 372.975206 27.091250
93600 373.508976 27.106665
93800 374.042042 27.121998
94000 374.574382 27.137328
94200 375.106033 27.152574
94400 375.636955 27.167821
94600 376.167221 27.182992
94800 376.696755 27.198164
95000 377.225647 27.213277
95200 377.753811 27.228395
95400 378.281345 27.243479
95600 378.808167 27.258564
95800 379.334384 27.273643
96000 379.859915 27.288717
96200 380.384860 27.303802
96400 380.909121 27.318874
96600 381.432800 27.333970
96800 381.955790 27.349058
97000 382.478196 27.364169
97200 382.999911 27.379278
97400 383.521029 27.394410
97600 384.041468 27.409539
97800 384.561309 27.424692
98000 385.080497 27.439840
98200 385.599084 27.455008
98400 386.117041 27.470163
98600 386.634400 27.485331
98800 387.151156 27.500482
99000 387.667336 27.515628
99200 388.182937 27.530750
99400 388.697969 27.545850
99600 389.212421 27.560926
99800 389.726291 27.575965
100000 390.239558 27.590982
100200 390.752229 27.605954
100400 391.264282 27.620908
100600 391.775735 27.635810
100800 392.286552 27.650696
101000 392.796755 27.665526
101200 393.306298 27.680342
101400 393.815217 27.695103
101600 394.323460 27.709854
101800 394.831086 27.724554
102000 395.338035 27.739242
102200 395.844390 27.753888
102400 396.350080 27.768528
102600 396.855206 27.783136
102800 397.359671 27.797745
103000 397.863583 27.812341
103200 398.366830 27.826951
103400 398.869538 27.841561
103600 399.371588 27.856194
103800 399.873112 27.870837
104000 400.373974 27.885507
104200 400.874304 27.900195
104400 401.373966 27.914913
104600 401.873089 27.929650
104800 402.371538 27.944412
105000 402.869430 27.959186
105200 403.366638 27.973980
105400 403.863265 27.988776
105600 404.359201 28.003580
105800 404.854530 28.018379
106000 405.349163 28.033173
106200 405.843159 28.047952
106400 406.336459 28.062709
106600 406.829091 28.077449
106800 407.321031 28.092146
107000 407.812275 28.106827
107200 408.302844 28.121448
107400 408.792702 28.136062
107600 409.281906 28.150606
107800 409.770395 28.165156
108000 410.258261 28.179631
108200 410.745426 28.194123
108400 411.231993 28.208539
108600 411.717868 28.222984
108800 412.203161 28.237364
109000 412.687789 28.251777
109200 413.171856 28.266133
109400 413.655285 28.280526
109600 414.138155 28.294874
109800 414.620413 28.309255
110000 415.102108 28.323603
110200 415.583219 28.337980
110400 416.063737 28.352337
110600 416.543684 28.366719
110800 417.022999 28.381088
111000 417.501755 28.395479
111200 417.979847 28.409855
111400 418.457390 28.424252
111600 418.934261 28.438630
111800 419.410597 28.453032
112000 419.886284 28.467404
112200 420.361444 28.481802
112400 420.835988 28.496157
112600 421.310008 28.510532
112800 421.783456 28.524858
113000 422.256376 28.539192
113200 422.728741 28.553478
113400 423.200572 28.567756
113600 423.671846 28.581994
113800 424.142559 28.596210
114000 424.612707 28.610403
114200 425.082271 28.624556
114400 425.551254 28.638703
114600 426.019636 28.652790
114800 426.487411 28.666886
115000 426.954588 28.680913
115200 427.421125 28.694952
115400 427.887081 28.708926
115600 428.352385 28.722912
115800 428.817133 28.736845
116000 429.281239 28.750777
116200 429.744801 28.764682
116400 430.207744 28.778561
116600 430.670161 28.792449
116800 431.131986 28.806290
117000 431.593280 28.820174
117200 432.054025 28.834002
117400 432.514201 28.847895
117600 432.973878 28.861736
117800 433.432925 28.875635
118000 433.891502 28.889510
118200 434.349424 28.903412
118400 434.806857 28.917332
118600 435.263653 28.931229
118800 435.719923 28.945188
119000 436.175565 28.959082
119200 436.630642 28.973062
119400 437.085106 28.986957
119600 437.538949 29.000936
119800 437.992204 29.014832
120000 438.444794 29.028790
120200 438.896797 29.042694
120400 439.348127 29.056612
120600 439.798833 29.070523
120800 440.248887 29.084369
121000 440.698279 29.098269
121200 441.147032 29.112048
121400 441.595104 29.125906
121600 442.042547 29.139643
121800 442.489338 29.153433
122000 442.935477 29.167142
122200 443.381028 29.180864
122400 443.825905 29.194566
122600 444.270242 29.208213
122800 444.713931 29.221894
123000 445.157099 29.235483
123200 445.599659 29.249131
123400 446.041680 29.262702
123600 446.483168 29.276302
123800 446.924045 29.289867
124000 447.364474 29.303437
124200 447.804274 29.317003
124400 448.243618 29.330549
124600 448.682360 29.344110
124800 449.120606 29.357638
125000 449.558288 29.371190
125200 449.995391 29.384716
125400 450.431985 29.398253
125600 450.867911 29.411772
125800 451.303338 29.425301
126000 451.738119 29.438807
126200 452.172371 29.452316
126400 452.606047 29.465813
126600 453.039176 29.479294
126800 453.471795 29.492777
127000 453.903831 29.506227
127200 454.335412 29.519688
127400 454.766433 29.533097
127600 455.196969 29.546519
127800 455.626982 29.559900
128000 456.056490 29.573262
128200 456.485496 29.586623
128400 456.913962 29.599936
128600 457.341908 29.613268
128800 457.769302 29.626532
129000 458.196140 29.639816
129200 458.622422 29.653055
129400 459.048132 29.666267
129600 459.473262 29.679495
129800 459.897852 29.692657
130000 460.321827 29.705846
130200 460.745278 29.718981
130400 461.168135 29.732108
130600 461.590467 29.745233
130800 462.012252 29.758301
131000 462.433453 29.771413
131200 462.854200 29.784463
131400 463.274342 29.797529
131600 463.694054 29.810592
131800 464.113215 29.823593
132000 464.531894 29.836659
132200 464.950105 29.849642
132400 465.367714 29.862673
132600 465.784902 29.875689
132800 466.201484 29.888659
133000 466.617610 29.901696
133200 467.033174 29.914636
133400 467.448158 29.927661
133600 467.862680 29.940628
133800 468.276564 29.953602
134000 468.689960 29.966619
134200 469.102750 29.979533
134400 469.514978 29.992554
134600 469.926663 30.005477
134800 470.337713 30.018451
135000 470.748212 30.031438
135200 471.158098 30.044333
135400 471.567398 30.057337
135600 471.976099 30.070221
135800 472.384181 30.083175
136000 472.791646 30.096119
136200 473.198522 30.108988
136400 473.604764 30.121957
136600 474.010413 30.134794
136800 474.415478 30.147703
137000 474.819901 30.160588
137200 475.223807 30.173406
137400 475.627082 30.186305
137600 476.029823 30.199078
137800 476.432044 30.211903
138000 476.833658 30.224706
138200 477.234849 30.237446
138400 477.635446 30.250242
138600 478.035567 30.262941
138800 478.435210 30.275669
139000 478.834262 30.288390
139200 479.232923 30.301058
139400 479.631007 30.313759
139600 480.028635 30.326397
139800 480.425807 30.339043
140000 480.822383 30.351686
140200 481.218550 30.364287
140400 481.614132 30.376899
140600 482.009200 30.389475
140800 482.403783 30.402048
141000 482.797730 30.414613
141200 483.191212 30.427158
141400 483.584119 30.439690
141600 483.976486 30.452202
141800 484.368394 30.464708
142000 484.759718 30.477184
142200 485.150581 30.489660
142400 485.540939 30.502111
142600 485.930788 30.514545
142800 486.320209 30.526982
143000 486.709115 30.539375
143200 487.097562 30.551778
143400 487.485545 30.564171
143600 487.873036 30.576530
143800 488.260072 30.588912
144000 488.646611 30.601243
144200 489.032654 30.613573
144400 489.418198 30.625923
144600 489.803236 30.638212
144800 490.187763 30.650537
145000 490.571784 30.662830
145200 490.955287 30.675091
145400 491.338243 30.687396
145600 491.720717 30.699638
145800 492.102647 30.711878
146000 492.484061 30.724150
146200 492.865013 30.736342
146400 493.245403 30.748578
146600 493.625352 30.760793
146800 494.004799 30.772949
147000 494.383716 30.785172
147200 494.762248 30.797335
147400 495.140237 30.809461
147600 495.517782 30.821646
147800 495.894897 30.833720
148000 496.271444 30.845825
148200 496.647613 30.857926
148400 497.023259 30.869918
148600 497.398370 30.881994
148800 497.773095 30.894004
149000 498.147238 30.905948
149200 498.520925 30.917979
149400 498.894143 30.929883
149600 499.266762 30.941824
149800 499.638950 30.953793
150000 500.010586 30.965634
150200 500.381658 30.977580
150400 500.752270 30.989491
150600 501.122296 31.001316
150800 501.491803 31.013267
151000 501.860783 31.025115
151200 502.229185 31.036979
151400 502.597061 31.048925
151600 502.964371 31.060746
151800 503.331121 31.072655
152000 503.697302 31.084597
152200 504.062936 31.096423
152400 504.428021 31.108381
152600 504.792521 31.120310
152800 505.156526 31.132173
153000 505.519965 31.144151
153200 505.882847 31.156047
153400 506.245272 31.167929
153600 506.607116 31.179895
153800 506.968479 31.191746
154000 507.329396 31.203629
154200 507.689727 31.215555
154400 508.049637 31.227356
154600 508.409078 31.239205
154800 508.767967 31.251064
155000 509.126489 31.262813
155200 509.484509 31.274601
155400 509.842030 31.286374
155600 510.199185 31.298065
155800 510.555816 31.309797
156000 510.911984 31.321485
156200 511.267761 31.333123
156400 511.622987 31.344788
156600 511.977765 31.356389
156800 512.332115 31.367967
157000 512.685888 31.379558
157200 513.039220 31.391086
157400 513.392083 31.402597
157600 513.744384 31.414119
157800 514.096266 31.425581
158000 514.447655 31.437022
158200 514.798513 31.448473
158400 515.148949 31.459873
158600 515.498894 31.471250
158800 515.848341 31.482628
159000 516.197365 31.493978
159200 516.545925 31.505308
159400 516.894025 31.516630
159600 517.241711 31.527954
159800 517.588957 31.539252
160000 517.935756 31.550541
160200 518.282138 31.561858
160400 518.628081 31.573135
160600 518.973570 31.584408
160800 519.318622 31.595723
161000 519.663233 31.606989
161200 520.007396 31.618252
161400 520.351117 31.629563
161600 520.694403 31.640820
161800 521.037233 31.652079
162000 521.379601 31.663392
162200 521.721537 31.674642
162400 522.063001 31.685897
162600 522.403993 31.697218
162800 522.744560 31.708459
163000 523.084639 31.719704
163200 523.424252 31.731028
163400 523.763459 31.742258
163600 524.102180 31.753487
163800 524.440468 31.764800
164000 524.778365 31.776004
164200 525.115767 31.787190
164400 525.452738 31.798454
164600 525.789312 31.809594
164800 526.125371 31.820707
165000 526.461004 31.831890
165200 526.796234 31.842941
165400 527.130940 31.853963
165600 527.465231 31.865055
165800 527.799121 31.876004
166000 528.132484 31.886921
166200 528.465427 31.897911
166400 528.797952 31.908754
166600 529.129944 31.919565
166800 529.461508 31.930462
167000 529.792641 31.941220
167200 530.123238 31.951945
167400 530.453388 31.962779
167600 530.783081 31.973489
167800 531.112245 31.984161
168000 531.440941 31.994960
168200 531.769157 32.005661
168400 532.096857 32.016310
168600 532.424072 32.027101
168800 532.750785 32.037829
169000 533.077001 32.048488
169200 533.402719 32.059295
169400 533.727918 32.070080
169600 534.052644 32.080783
169800 534.376873 32.091626
170000 534.700582 32.102485
170200 535.023851 32.113248
170400 535.346645 32.124122
170600 535.668916 32.135042
170800 535.990768 32.145855
171000 536.312179 32.156734
171200 536.633073 32.167681
171400 536.953556 32.178524
171600 537.273631 32.189382
171800 537.593187 32.200319
172000 537.912320 32.211168
172200 538.231067 32.221982
172400 538.549308 32.232868
172600 538.867117 32.243688
172800 539.184552 32.254432
173000 539.501504 32.265226
173200 539.818019 32.275997
173400 540.134180 32.286659
173600 540.449869 32.297340
173800 540.765103 32.308043
174000 541.079983 32.318623
174200 541.394387 32.329188
174400 541.708306 32.339809
174600 542.021856 32.350315
174800 542.334956 32.360775
175000 542.647554 32.371297
175200 542.959747 32.381737
175400 543.271522 32.392107
175600 543.582823 32.402507
175800 543.893691 32.412876
176000 544.204153 32.423162
176200 544.514172 32.433453
176400 544.823753 32.443744
176600 545.132935 32.453956
176800 545.441679 32.464158
177000 545.749984 32.474373
177200 546.057888 32.484525
177400 546.365372 32.494667
177600 546.672436 32.504819
177800 546.979108 32.514938
178000 547.285390 32.525063
178200 547.591289 32.535183
178400 547.896779 32.545286
178600 548.201870 32.555409
178800 548.506586 32.565545
179000 548.810890 32.575647
179200 549.114808 32.585766
179400 549.418338 32.595935
179600 549.721471 32.606052
179800 550.024220 32.616164
180000 550.326598 32.626361
180200 550.628596 32.636511
180400 550.930207 32.646625
180600 551.231436 32.656827
180800 551.532292 32.667038
181000 551.832744 32.677173
181200 552.132812 32.687367
181400 552.432480 32.697643
181600 552.731753 32.707825
181800 553.030627 32.718002
182000 553.329105 32.728304
182200 553.627206 32.738539
182400 553.924893 32.748693
182600 554.222158 32.758940
182800 554.519040 32.769195
183000 554.815514 32.779310
183200 555.111561 32.789444
183400 555.407206 32.799659
183600 555.702457 32.809731
183800 555.997265 32.819730
184000 556.291645 32.829830
184200 556.585649 32.839863
184400 556.879207 32.849737
184600 557.172312 32.859656
184800 557.465028 32.869612
185000 557.757327 32.879392
185200 558.049178 32.889115
185400 558.340620 32.898939
185600 558.631680 32.908658
185800 558.922287 32.918228
186000 559.212457 32.927869
186200 559.502240 32.937532
186400 559.791585 32.947032
186600 560.080485 32.956510
186800 560.368981 32.966096
187000 560.657048 32.975596
187200 560.944664 32.984992
187400 561.231854 32.994488
187600 561.518618 33.004027
187800 561.804921 33.013454
188000 562.090798 33.022889
188200 562.376248 33.032446
188400 562.661232 33.041976
188600 562.945797 33.051439
188800 563.229958 33.060998
189000 563.513663 33.070633
189200 563.796930 33.080215
189400 564.079836 33.089796
189600 564.362314 33.099483
189800 564.644349 33.109203
190000 564.926023 33.118863
190200 565.207337 33.128565
190400 565.488204 33.138349
190600 565.768670 33.148128
190800 566.048807 33.157852
191000 566.328510 33.167623
191200 566.607788 33.177460
191400 566.886701 33.187229
191600 567.165245 33.196952
191800 567.443335 33.206724
192000 567.721022 33.216528
192200 567.998379 33.226227
192400 568.275308 33.235897
192600 568.551818 33.245644
192800 568.827954 33.255356
193000 569.103717 33.264956
193200 569.379027 33.274547
193400 569.653942 33.284215
193600 569.928505 33.293767
193800 570.202645 33.303221
194000 570.476351 33.312717
194200 570.749682 33.322234
194400 571.022635 33.331608
194600 571.295130 33.340926
194800 571.567239 33.350325
195000 571.838974 33.359678
195200 572.110300 33.368904
195400 572.381207 33.378116
195600 572.651746 33.387396
195800 572.921925 33.396576
196000 573.191685 33.405659
196200 573.461074 33.414772
196400 573.730102 33.423915
196600 573.998760 33.432934
196800 574.267020 33.441907
197000 574.534942 33.450931
197200 574.802498 33.459935
197400 575.069667 33.468839
197600 575.336473 33.477750
197800 575.602953 33.486696
198000 575.869068 33.495586
198200 576.134797 33.504431
198400 576.400186 33.513325
198600 576.665237 33.522216
198800 576.929927 33.531046
199000 577.194254 33.539901
199200 577.458265 33.548810
199400 577.721925 33.557679
199600 577.985231 33.566499
199800 578.248212 33.575404
200000 578.510877 33.584344
200200 578.773183 33.593212
200400 579.035164 33.602067
200600 579.296842 33.611045
200800 579.558189 33.620018
201000 579.819187 33.628909
201200 580.079884 33.637832
201400 580.340277 33.646893
201600 580.600325 33.655910
201800 580.860039 33.664847
202000 581.119464 33.673855
202200 581.378569 33.682998
202400 581.637314 33.692058
202600 581.895730 33.701047
202800 582.153851 33.710128
203000 582.411620 33.719312
203200 582.668999 33.728371
203400 582.926031 33.737362
203600 583.182741 33.746453
203800 583.439076 33.755609
204000 583.695000 33.764608
204200 583.950571 33.773549
204400 584.205806 33.782594
204600 584.460655 33.791665
204800 584.715078 33.800558
205000 584.969144 33.809403
205200 585.222860 33.818351
205400 585.476179 33.827295
205600 585.729060 33.836051
205800 585.981578 33.844759
206000 586.233739 33.853564
206200 586.485507 33.862342
206400 586.736833 33.870923
206600 586.987792 33.879459
206800 587.238392 33.888084
207000 587.488602 33.896671
207200 587.738370 33.905070
207400 587.987774 33.913430
207600 588.236832 33.921878
207800 588.485514 33.930297
208000 588.733758 33.938546
208200 588.981648 33.946763
208400 589.229207 33.955067
208600 589.476396 33.963363
208800 589.723151 33.971522
209000 589.969561 33.979663
209200 590.215640 33.987895
209400 590.461346 33.996146
209600 590.706626 34.004302
209800 590.951575 34.012446
210000 591.196196 34.020678
210200 591.440442 34.028953
210400 591.684279 34.037176
210600 591.927798 34.045396
210800 592.171000 34.053694
211000 592.413833 34.062050
211200 592.656290 34.070396
211400 592.898454 34.078734
211600 593.140321 34.087124
211800 593.381813 34.095575
212000 593.622959 34.104045
212200 593.863813 34.112506
212400 594.104367 34.120982
212600 594.344527 34.129503
212800 594.584347 34.138062
213000 594.823857 34.146604
213200 595.063053 34.155123
213400 595.301846 34.163660
213600 595.540300 34.172249
213800 595.778438 34.180830
214000 596.016247 34.189357
214200 596.253648 34.197863
214400 596.490693 34.206424
214600 596.727414 34.214998
214800 596.963797 34.223495
215000 597.199754 34.231929
215200 597.435328 34.240398
215400 597.670602 34.248924
215600 597.905541 34.257364
215800 598.140056 34.265711
216000 598.374156 34.274063
216200 598.607972 34.282492
216400 598.841458 34.290860
216600 599.074513 34.299102
216800 599.307127 34.307315
217000 599.539456 34.315611
217200 599.771470 34.323876
217400 600.003077 34.332001
217600 600.234239 34.340052
217800 600.465114 34.348168
218000 600.695729 34.356302
218200 600.925975 34.364304
218400 601.155787 34.372201
218600 601.385271 34.380131
218800 601.614528 34.388128
219000 601.843457 34.396033
219200 602.071963 34.403807
219400 602.300123 34.411590
219600 602.528058 34.419452
219800 602.755707 34.427276
220000 602.982970 34.434963
220200 603.209869 34.442631
220400 603.436513 34.450381
220600 603.662906 34.458139
220800 603.888960 34.465786
221000 604.114651 34.473381
221200 604.340068 34.481054
221400 604.565250 34.488759
221600 604.790124 34.496385
221800 605.014655 34.503917
222000 605.238900 34.511518
222200 605.462898 34.519195
222400 605.686615 34.526809
222600 605.910022 34.534316
222800 606.133137 34.541846
223000 606.355987 34.549498
223200 606.578555 34.557136
223400 606.800823 34.564672
223600 607.022809 34.572165
223800 607.244547 34.579801
224000 607.466005 34.587514
224200 607.687153 34.595129
224400 607.908037 34.602663
224600 608.128689 34.610279
224800 608.349073 34.618056
225000 608.569136 34.625802
225200 608.788910 34.633438
225400 609.008450 34.641061
225600 609.227759 34.648850
225800 609.446757 34.656729
226000 609.665421 34.664489
226200 609.883844 34.672161
226400 610.102057 34.679902
226600 610.320004 34.687798
226800 610.537597 34.695661
227000 610.754874 34.703378
227200 610.971925 34.711059
227400 611.188744 34.718866
227600 611.405229 34.726760
227800 611.621311 34.734528
228000 611.837098 34.742190
228200 612.052654 34.749877
228400 612.267938 34.757693
228600 612.482822 34.765503
228800 612.697288 34.773154
229000 612.911482 34.780745
229200 613.125440 34.788416
229400 613.339072 34.796180
229600 613.552250 34.803851
229800 613.765025 34.811371
230000 613.977547 34.818886
230200 614.189804 34.826489
230400 614.401688 34.834115
230600 614.613094 34.841585
230800 614.824154 34.848959
231000 615.034965 34.856359
231200 615.245494 34.863827
231400 615.455615 34.871257
231600 615.665273 34.878522
231800 615.874625 34.885734
232000 616.083729 34.892997
232200 616.292535 34.900298
232400 616.500919 34.907520
232600 616.708873 34.914595
232800 616.916546 34.921662
233000 617.123970 34.928784
233200 617.331085 34.935915
233400 617.537786 34.942955
233600 617.744104 34.949891
233800 617.950170 34.956856
234000 618.155995 34.963869
234200 618.361518 34.970879
234400 618.566663 34.977814
234600 618.771488 34.984693
234800 618.976094 34.991622
235000 619.180463 34.998591
235200 619.384531 35.005564
235400 619.588249 35.012493
235600 619.791675 35.019413
235800 619.994885 35.026397
236000 620.197850 35.033415
236200 620.400527 35.040444
236400 620.602912 35.047451
236600 620.805046 35.054468
236800 621.006959 35.061536
237000 621.208603 35.068626
237200 621.409961 35.075730
237400 621.611048 35.082827
237600 621.811878 35.089932
237800 622.012446 35.097068
238000 622.212705 35.104212
238200 622.412671 35.111370
238400 622.612381 35.118535
238600 622.811824 35.125705
238800 623.010975 35.132883
239000 623.209789 35.140055
239200 623.408305 35.147247
239400 623.606581 35.154457
239600 623.804577 35.161660
239800 624.002248 35.168845
240000 624.199548 35.176010
240200 624.396540 35.183192
240400 624.593304 35.190397
240600 624.789784 35.197586
240800 624.985914 35.204735
241000 625.181647 35.211846
241200 625.377061 35.218973
241400 625.572261 35.226130
241600 625.767182 35.233265
241800 625.961726 35.240341
242000 626.155844 35.247365
242200 626.349621 35.254408
242400 626.543197 35.261488
242600 626.736517 35.268552
242800 626.929448 35.275547
243000 627.121934 35.282474
243200 627.314059 35.289422
243400 627.506001 35.296416
243600 627.697730 35.303397
243800 627.889087 35.310299
244000 628.080004 35.317109
244200 628.270560 35.323925
244400 628.460941 35.330802
244600 628.651163 35.337668
244800 628.841048 35.344451
245000 629.030508 35.351117
245200 629.219609 35.357775
245400 629.408522 35.364505
245600 629.597320 35.371242
245800 629.785835 35.377893
246000 629.973946 35.384417
246200 630.161708 35.390915
246400 630.349257 35.397498
246600 630.536695 35.404114
246800 630.723900 35.410658
247000 630.910730 35.417084
247200 631.097212 35.423467
247400 631.283450 35.429950
247600 631.469547 35.436507
247800 631.655459 35.443010
248000 631.841042 35.449399
248200 632.026290 35.455711
248400 632.211288 35.462113
248600 632.396105 35.468626
248800 632.580755 35.475110
249000 632.765148 35.481486
249200 632.949242 35.487750
249400 633.133098 35.494059
249600 633.316756 35.500513
249800 633.500227 35.506996
250000 633.683479 35.513371
250200 633.866473 35.519624
250400 634.049244 35.525852
250600 634.231821 35.532224
250800 634.414186 35.538701
251000 634.596320 35.545105
251200 634.778214 35.551386
251400 634.959889 35.557576
251600 635.141368 35.563859
251800 635.322616 35.570302
252000 635.503599 35.576757
252200 635.684331 35.583085
252400 635.864846 35.589303
252600 636.045174 35.595524
252800 636.225288 35.601911
253000 636.405122 35.608414
253200 636.584660 35.614839
253400 636.763964 35.621140
253600 636.943088 35.627362
253800 637.122023 35.633670
254000 637.300709 35.640136
254200 637.479077 35.646625
254400 637.657159 35.652988
254600 637.835049 35.659234
254800 638.012785 35.665460
255000 638.190327 35.671819
255200 638.367590 35.678282
255400 638.544514 35.684692
255600 638.721178 35.690969
255800 638.897685 35.697165
256000 639.074041 35.703401
256200 639.250183 35.709759
256400 639.426008 35.716167
256600 639.601474 35.722472
256800 639.776706 35.728661
257000 639.951801 35.734812
257200 640.126730 35.741037
257400 640.301407 35.747358
257600 640.475700 35.753678
257800 640.649613 35.759881
258000 640.823296 35.766005
258200 640.996826 35.772126
258400 641.170151 35.778333
258600 641.343165 35.784595
258800 641.515743 35.790816
259000 641.687945 35.796930
259200 641.859939 35.803008
259400 642.031773 35.809101
259600 642.203395 35.815261
259800 642.374688 35.821445
260000 642.545536 35.827567
260200 642.716034 35.833599
260400 642.886338 35.839628
260600 643.056477 35.845682
260800 643.226396 35.851772
261000 643.395975 35.857862
261200 643.565118 35.863888
261400 643.733936 35.869841
261600 643.902560 35.875817
261800 644.071011 35.881820
262000 644.239237 35.887832
262200 644.407127 35.893830
262400 644.574606 35.899768
262600 644.741782 35.905655
262800 644.908762 35.911580
263000 645.075566 35.917529
263200 645.242155 35.923468
263400 645.408437 35.929384
263600 645.574350 35.935252
263800 645.739981 35.941084
264000 645.905411 35.946969
264200 646.070660 35.952876
264400 646.235703 35.958762
264600 646.400473 35.964624
264800 646.564912 35.970453
265000 646.729085 35.976252
265200 646.893050 35.982106
265400 647.056829 35.987985
265600 647.220425 35.993839
265800 647.383799 35.999660
266000 647.546909 36.005457
266200 647.709796 36.011225
266400 647.872494 36.017036
266600 648.035016 36.022872
266800 648.197363 36.028688
267000 648.359508 36.034468
267200 648.521420 36.040230
267400 648.683097 36.045961
267600 648.844557 36.051720
267800 649.005801 36.057504
268000 649.166835 36.063286
268200 649.327657 36.069038
268400 649.488257 36.074775
268600 649.648628 36.080484
268800 649.808765 36.086204
269000 649.968655 36.091949
269200 650.128304 36.097694
269400 650.287727 36.103422
269600 650.446933 36.109136
269800 650.605928 36.114818
270000 650.764682 36.120486
270200 650.923161 36.126176
270400 651.081365 36.131867
270600 651.239319 36.137548
270800 651.397050 36.143222
271000 651.554588 36.148872
271200 651.711903 36.154492
271400 651.868930 36.160125
271600 652.025647 36.165752
271800 652.182078 36.171385
272000 652.338268 36.177022
272200 652.494282 36.182648
272400 652.650111 36.188233
272600 652.805665 36.193813
272800 652.960881 36.199383
273000 653.115776 36.204951
273200 653.270404 36.210548
273400 653.424851 36.216149
273600 653.579157 36.221708
273800 653.733233 36.227241
274000 653.886961 36.232762
274200 654.040327 36.238265
274400 654.193381 36.243799
274600 654.346208 36.249366
274800 654.498896 36.254912
275000 654.651419 36.260402
275200 654.803632 36.265868
275400 654.955454 36.271298
275600 655.106927 36.276736
275800 655.258131 36.282233
276000 655.409173 36.287743
276200 655.560106 36.293194
276400 655.710832 36.298596
276600 655.861208 36.303967
276800 656.011219 36.309308
277000 656.160932 36.314704
277200 656.310443 36.320167
277400 656.459849 36.325615
277600 656.609148 36.330990
277800 656.758195 36.336324
278000 656.906892 36.341614
278200 657.055278 36.346909
278400 657.203430 36.352289
278600 657.351435 36.357734
278800 657.499361 36.363141
279000 657.647151 36.368475
279200 657.794667 36.373760
279400 657.941868 36.378997
279600 658.088821 36.384269
279800 658.235599 36.389655
280000 658.382267 36.395094
280200 658.528847 36.400475
280400 658.675253 36.405775
280600 658.821387 36.411005
280800 658.967252 36.416179
281000 659.112912 36.421407
281200 659.258416 36.426755
281400 659.403806 36.432140
281600 659.549077 36.437457
281800 659.694147 36.442686
282000 659.838961 36.447831
282200 659.983542 36.452923
282400 660.127931 36.458092
282600 660.272156 36.463394
282800 660.416242 36.468732
283000 660.560176 36.474003
283200 660.703911 36.479185
283400 660.847427 36.484277
283600 660.990750 36.489323
283800 661.133892 36.494461
284000 661.276859 36.499739
284200 661.419667 36.505058
284400 661.562306 36.510313
284600 661.704757 36.515472
284800 661.847028 36.520540
285000 661.989131 36.525560
285200 662.131051 36.530671
285400 662.272774 36.535923
285600 662.414310 36.541226
285800 662.555645 36.546467
286000 662.696785 36.551601
286200 662.837745 36.556636
286400 662.978536 36.561610
286600 663.119133 36.566657
286800 663.259507 36.571837
287000 663.399665 36.577070
287200 663.539598 36.582244
287400 663.679336 36.587299
287600 663.818915 36.592241
287800 663.958354 36.597106
288000 664.097616 36.602012
288200 664.236650 36.607037
288400 664.375448 36.612121
288600 664.514001 36.617163
288800 664.652344 36.622090
289000 664.790537 36.626899
289200 664.928620 36.631624
289400 665.066548 36.636352
289600 665.204261 36.641180
289800 665.341732 36.646076
290000 665.478948 36.650964
290200 665.615941 36.655757
290400 665.752769 36.660449
290600 665.889504 36.665062
290800 666.026111 36.669650
291000 666.162521 36.674309
291200 666.298693 36.679040
291400 666.434609 36.683798
291600 666.570270 36.688503
291800 666.705744 36.693124
292000 666.841112 36.697675
292200 666.976375 36.702183
292400 667.111482 36.706722
292600 667.246365 36.711327
292800 667.380998 36.715970
293000 667.515349 36.720610
293200 667.649471 36.725191
293400 667.783438 36.729713
293600 667.917301 36.734192
293800 668.051035 36.738661
294000 668.184576 36.743169
294200 668.317874 36.747714
294400 668.450890 36.752295
294600 668.583633 36.756855
294800 668.716171 36.761376
295000 668.848577 36.765857
295200 668.980861 36.770307
295400 669.113001 36.774763
295600 669.244937 36.779250
295800 669.376626 36.783773
296000 669.508022 36.788332
296200 669.639177 36.792870
296400 669.770152 36.797384
296600 669.900985 36.801872
296800 670.031684 36.806346
297000 670.162224 36.810834
297200 670.292554 36.815350
297400 670.422626 36.819921
297600 670.552424 36.824524
297800 670.682011 36.829117
298000 670.811431 36.833698
298200 670.940695 36.838261
298400 671.069828 36.842825
298600 671.198812 36.847409
298800 671.327596 36.852025
299000 671.456124 36.856706
299200 671.584408 36.861407
299400 671.712494 36.866106
299600 671.840404 36.870795
299800 671.968144 36.875476
300000 672.095760 36.880170
300200 672.223232 36.884887
300400 672.350507 36.889637
300600 672.477526 36.894449
300800 672.604311 36.899270
301000 672.730894 36.904088
301200 672.857275 36.908901
301400 672.983474 36.913717
301600 673.109549 36.918552
301800 673.235486 36.923401
302000 673.361231 36.928268
302200 673.486729 36.933177
302400 673.611999 36.938076
302600 673.737062 36.942962
302800 673.861907 36.947836
303000 673.986563 36.952712
303200 674.111094 36.957603
303400 674.235497 36.962495
303600 674.359720 36.967383
303800 674.483709 36.972282
304000 674.607471 36.977150
304200 674.731013 36.981990
304400 674.854321 36.986810
304600 674.977417 36.991618
304800 675.100364 36.996433
305000 675.223172 37.001236
305200 675.345798 37.006012
305400 675.468203 37.010769
305600 675.590388 37.015479
305800 675.712353 37.020145
306000 675.834083 37.024785
306200 675.955581 37.029399
306400 676.076901 37.034015
306600 676.198069 37.038620
306800 676.319063 37.043190
307000 676.439865 37.047722
307200 676.560472 37.052195
307400 676.680880 37.056610
307600 676.801072 37.060996
307800 676.921036 37.065348
308000 677.040816 37.069703
308200 677.160437 37.074065
308400 677.279893 37.078414
308600 677.399176 37.082724
308800 677.518282 37.086977
309000 677.637210 37.091158
309200 677.755930 37.095302
309400 677.874427 37.099411
309600 677.992725 37.103510
309800 678.110849 37.107640
310000 678.228812 37.111788
310200 678.346599 37.115922
310400 678.464219 37.120006
310600 678.581678 37.124017
310800 678.698939 37.127966
311000 678.815973 37.131892
311200 678.932784 37.135800
311400 679.049405 37.139740
311600 679.165861 37.143735
311800 679.282151 37.147755
312000 679.398280 37.151750
312200 679.514261 37.155676
312400 679.630079 37.159524
312600 679.745678 37.163331
312800 679.861047 37.167119
313000 679.976211 37.170917
313200 680.091200 37.174783
313400 680.206042 37.178718
313600 680.320724 37.182674
313800 680.435263 37.186584
314000 680.549668 37.190407
314200 680.663891 37.194155
314400 680.777879 37.197878
314600 680.891639 37.201600
314800 681.005203 37.205359
315000 681.118609 37.209215
315200 681.231874 37.213141
315400 681.344986 37.217071
315600 681.457964 37.220929
315800 681.570808 37.224696
316000 681.683459 37.228393
316200 681.795881 37.232080
316400 681.908089 37.235784
316600 682.020115 37.239546
316800 682.132000 37.243416
317000 682.243750 37.247354
317200 682.355347 37.251286
317400 682.466808 37.255133
317600 682.578137 37.258889
317800 682.689273 37.262581
318000 682.800194 37.266277
318200 682.910917 37.270007
318400 683.021466 37.273802
318600 683.131881 37.277714
318800 683.242165 37.281699
319000 683.352291 37.285679
319200 683.462266 37.289572
319400 683.572101 37.293376
319600 683.681745 37.297121
319800 683.791182 37.300877
320000 683.900429 37.304679
320200 684.009507 37.308546
320400 684.118458 37.312533
320600 684.227292 37.316605
320800 684.335977 37.320682
321000 684.444502 37.324682
321200 684.552880 37.328586
321400 684.661084 37.332428
321600 684.769105 37.336272
321800 684.876968 37.340162
322000 684.984686 37.344098
322200 685.092288 37.348138
322400 685.199793 37.352276
322600 685.307164 37.356435
322800 685.414374 37.360540
323000 685.521420 37.364555
323200 685.628307 37.368501
323400 685.735027 37.372434
323600 685.841613 37.376404
323800 685.948064 37.380406
324000 686.054391 37.384471
324200 686.160616 37.388638
324400 686.266725 37.392850
324600 686.372684 37.397039
324800 686.478467 37.401156
325000 686.584084 37.405205
325200 686.689541 37.409216
325400 686.794873 37.413244
325600 686.900084 37.417295
325800 687.005160 37.421363
326000 687.110119 37.425511
326200 687.214966 37.429724
326400 687.319679 37.433948
326600 687.424227 37.438132
326800 687.528593 37.442252
327000 687.632790 37.446317
327200 687.736851 37.450365
327400 687.840806 37.454421
327600 687.944626 37.458473
327800 688.048298 37.462545
328000 688.151831 37.466682
328200 688.255229 37.470852
328400 688.358477 37.475015
328600 688.461550 37.479139
328800 688.564441 37.483205
329000 688.667174 37.487217
329200 688.769802 37.491209
329400 688.872318 37.495182
329600 688.974686 37.499123
329800 689.076886 37.503085
330000 689.178921 37.507091
330200 689.280801 37.511109
330400 689.382527 37.515119
330600 689.484079 37.519095
330800 689.585460 37.523013
331000 689.686703 37.526876
331200 689.787856 37.530704
331400 689.888895 37.534492
331600 689.989779 37.538237
331800 690.090484 37.541996
332000 690.191011 37.545783
332200 690.291372 37.549574
332400 690.391581 37.553363
332600 690.491628 37.557125
332800 690.591513 37.560835
333000 690.691264 37.564491
333200 690.790926 37.568108
333400 690.890473 37.571680
333600 690.989865 37.575206
333800 691.089065 37.578734
334000 691.188074 37.582276
334200 691.286911 37.585819
334400 691.385601 37.589362
334600 691.484150 37.592891
334800 691.582557 37.596385
335000 691.680837 37.599830
335200 691.779031 37.603237
335400 691.877121 37.606598
335600 691.975068 37.609914
335800 692.072824 37.613219
336000 692.170382 37.616524
336200 692.267767 37.619827
336400 692.365014 37.623131
336600 692.462150 37.626435
336800 692.559176 37.629729
337000 692.656086 37.632982
337200 692.752902 37.636199
337400 692.849621 37.639374
337600 692.946209 37.642506
337800 693.042620 37.645617
338000 693.138830 37.648717
338200 693.234861 37.651811
338400 693.330748 37.654906
338600 693.426539 37.658010
338800 693.522245 37.661127
339000 693.617845 37.664231
339200 693.713330 37.667298
339400 693.808700 37.670323
339600 693.903939 37.673308
339800 693.999013 37.676258
340000 694.093892 37.679202
340200 694.188583 37.682132
340400 694.283111 37.685065
340600 694.377528 37.688012
340800 694.471867 37.690977
341000 694.566122 37.693966
341200 694.660262 37.696935
341400 694.754272 37.699864
341600 694.848145 37.702748
341800 694.941876 37.705596
342000 695.035439 37.708430
342200 695.128828 37.711265
342400 695.222060 37.714100
342600 695.315159 37.716957
342800 695.408182 37.719842
343000 695.501148 37.722765
343200 695.594031 37.725718
343400 695.686794 37.728649
343600 695.779416 37.731532
343800 695.871897 37.734373
344000 695.964240 37.737184
344200 696.056436 37.740000
344400 696.148495 37.742830
344600 696.240428 37.745681
344800 696.332261 37.748572
345000 696.424040 37.751498
345200 696.515774 37.754475
345400 696.607431 37.757485
345600 696.698962 37.760469
345800 696.790341 37.763394
346000 696.881574 37.766276
346200 696.972671 37.769132
346400 697.063637 37.772011
346600 697.154495 37.774920
346800 697.245248 37.777870
347000 697.335917 37.780876
347200 697.426537 37.783922
347400 697.517116 37.787026
347600 697.607612 37.790167
347800 697.697971 37.793283
348000 697.788161 37.796334
348200 697.878192 37.799339
348400 697.968082 37.802321
348600 698.057845 37.805334
348800 698.147514 37.808393
349000 698.237091 37.811506
349200 698.326587 37.814685
349400 698.416030 37.817903
349600 698.505426 37.821171
349800 698.594730 37.824484
350000 698.683882 37.827776
350200 698.772847 37.830997
350400 698.861631 37.834164
350600 698.950263 37.837301
350800 699.038761 37.840465
351000 699.127168 37.843687
351200 699.215491 37.846968
351400 699.303728 37.850326
351600 699.391905 37.853721
351800 699.480020 37.857152
352000 699.568045 37.860632
352200 699.655915 37.864106
352400 699.743589 37.867509
352600 699.831063 37.870846
352800 699.918365 37.874142
353000 700.005520 37.877443
353200 700.092569 37.880812
353400 700.179536 37.884251
353600 700.266413 37.887769
353800 700.353207 37.891338
354000 700.439922 37.894920
354200 700.526543 37.898534
354400 700.613015 37.902161
354600 700.699277 37.905734
354800 700.785312 37.909219
355000 700.871137 37.912637
355200 700.956783 37.916027
355400 701.042284 37.919455
355600 701.127686 37.922961
355800 701.212999 37.926545
356000 701.298217 37.930200
356200 701.383343 37.933865
356400 701.468369 37.937526
356600 701.553269 37.941201
356800 701.637987 37.944850
357000 701.722475 37.948407
357200 701.806729 37.951857
357400 701.890772 37.955233
357600 701.974634 37.958587
357800 702.058355 37.961985
358000 702.141972 37.965468
358200 702.225486 37.969032
358400 702.308886 37.972647
358600 702.392165 37.976248
358800 702.475319 37.979830
359000 702.558326 37.983402
359200 702.641142 37.986922
359400 702.723730 37.990330
359600 702.806092 37.993611
359800 702.888244 37.996810
360000 702.970216 37.999984
360200 703.052051 38.003199
360400 703.133771 38.006501
360600 703.215378 38.009891
360800 703.296852 38.013328
361000 703.378182 38.016744
361200 703.459361 38.020125
361400 703.540387 38.023479
361600 703.621234 38.026777
361800 703.701872 38.029959
362000 703.782302 38.032998
362200 703.862535 38.035931
362400 703.942587 38.038825
362600 704.022503 38.041742
362800 704.102302 38.044734
363000 704.181987 38.047823
363200 704.261537 38.050976
363400 704.340937 38.054121
363600 704.420173 38.057227
363800 704.499249 38.060295
364000 704.578166 38.063313
364200 704.656912 38.066240
364400 704.735477 38.069031
364600 704.813874 38.071685
364800 704.892099 38.074270
365000 704.970183 38.076853
365200 705.048161 38.079480
365400 705.126031 38.082196
365600 705.203788 38.085008
365800 705.281408 38.087854
366000 705.358870 38.090673
366200 705.436165 38.093454
366400 705.513310 38.096196
366600 705.590318 38.098880
366800 705.667192 38.101470
367000 705.743936 38.103935
367200 705.820559 38.106283
367400 705.897054 38.108589
367600 705.973448 38.110915
367800 706.049766 38.113296
368000 706.125999 38.115771
368200 706.202136 38.118345
368400 706.278150 38.120950
368600 706.354009 38.123530
368800 706.429698 38.126081
369000 706.505232 38.128601
369200 706.580639 38.131073
369400 706.655946 38.133471
369600 706.731164 38.135773
369800 706.806305 38.137977
370000 706.881360 38.140149
370200 706.956344 38.142353
370400 707.031275 38.144613
370600 707.106139 38.146960
370800 707.180919 38.149409
371000 707.255585 38.151907
371200 707.330103 38.154383
371400 707.404444 38.156834
371600 707.478612 38.159259
371800 707.552644 38.161647
372000 707.626589 38.163981
372200 707.700478 38.166245
372400 707.774324 38.168432
372600 707.848129 38.170573
372800 707.921886 38.172741
373000 707.995607 38.174959
373200 708.069283 38.177247
373400 708.142890 38.179628
373600 708.216405 38.182088
373800 708.289786 38.184550
374000 708.363003 38.186983
374200 708.436030 38.189398
374400 708.508885 38.191784
374600 708.581624 38.194136
374800 708.654304 38.196440
375000 708.726960 38.198690
375200 708.799595 38.200887
375400 708.872203 38.203083
375600 708.944786 38.205328
375800 709.017338 38.207625
376000 709.089838 38.209998
376200 709.162265 38.212457
376400 709.234583 38.214971
376600 709.306758 38.217466
376800 709.378761 38.219939
377000 709.450566 38.222393
377200 709.522200 38.224820
377400 709.593722 38.227219
377600 709.665198 38.229582
377800 709.736660 38.231908
378000 709.808108 38.234203
378200 709.879541 38.236519
378400 709.950964 38.238886
378600 710.022358 38.241299
378800 710.093705 38.243780
379000 710.164982 38.246332
379200 710.236149 38.248921
379400 710.307174 38.251488
379600 710.378028 38.254031
379800 710.448678 38.256555
380000 710.519145 38.259052
380200 710.589490 38.261525
380400 710.659780 38.263971
380600 710.730051 38.266387
380800 710.800299 38.268783
381000 710.870526 38.271195
381200 710.940739 38.273655
381400 711.010918 38.276148
381600 711.081043 38.278695
381800 711.151096 38.281297
382000 711.221048 38.283931
382200 711.290866 38.286548
382400 711.360524 38.289137
382600 711.429987 38.291708
382800 711.499257 38.294256
383000 711.568379 38.296779
383200 711.637422 38.299280
383400 711.706430 38.301757
383600 711.775403 38.304215
383800 711.844343 38.306680
384000 711.913261 38.309183
384200 711.982148 38.311717
384400 712.050980 38.314285
384600 712.119743 38.316902
384800 712.188415 38.319550
385000 712.256968 38.322194
385200 712.325377 38.324806
385400 712.393617 38.327398
385600 712.461656 38.329968
385800 712.529514 38.332517
386000 712.597239 38.335046
386200 712.664884 38.337554
386400 712.732470 38.340042
386600 712.799990 38.342522
386800 712.867459 38.345018
387000 712.934892 38.347548
387200 713.002273 38.350095
387400 713.069583 38.352677
387600 713.136810 38.355289
387800 713.203933 38.357907
388000 713.270925 38.360504
388200 713.337760 38.363073
388400 713.404412 38.365621
388600 713.470856 38.368151
388800 713.537110 38.370664
389000 713.603217 38.373160
389200 713.669219 38.375639
389400 713.735131 38.378099
389600 713.800951 38.380553
389800 713.866703 38.383022
390000 713.932413 38.385518
390200 713.998062 38.388026
390400 714.063637 38.390556
390600 714.129128 38.393103
390800 714.194514 38.395638
391000 714.259770 38.398141
391200 714.324867 38.400615
391400 714.389785 38.403065
391600 714.454498 38.405497
391800 714.519017 38.407920
392000 714.583376 38.410331
392200 714.647608 38.412729
392400 714.711737 38.415112
392600 714.775767 38.417486
392800 714.839722 38.419869
393000 714.903637 38.422272
393200 714.967515 38.424689
393400 715.031341 38.427110
393600 715.095106 38.429540
393800 715.158795 38.431955
394000 715.222390 38.434325
394200 715.285858 38.436657
394400 715.349185 38.438960
394600 715.412348 38.441241
394800 715.475344 38.443510
395000 715.538198 38.445776
395200 715.600934 38.448037
395400 715.663577 38.450290
395600 715.726136 38.452532
395800 715.788617 38.454777
396000 715.851041 38.457041
396200 715.913429 38.459325
396400 715.975781 38.461616
396600 716.038082 38.463905
396800 716.100322 38.466191
397000 716.162488 38.468445
397200 716.224564 38.470637
397400 716.286528 38.472783
397600 716.348371 38.474898
397800 716.410080 38.476989
398000 716.471659 38.479069
398200 716.533131 38.481152
398400 716.594510 38.483237
398600 716.655810 38.485319
398800 716.717032 38.487398
399000 716.778176 38.489485
399200 716.839254 38.491598
399400 716.900282 38.493738
399600 716.961266 38.495887
399800 717.022198 38.498035
400000 717.083068 38.500179
