0 50.000000 20.000000
50 50.084335 20.000018
100 50.210280 19.999385
150 50.334449 19.997696
200 50.467683 19.995933
250 50.603871 19.993941
300 50.749823 19.991526
350 50.897942 19.989030
400 51.051138 19.986478
450 51.206759 19.983743
500 51.364409 19.981035
550 51.526221 19.978301
600 51.690172 19.975445
650 51.856582 19.972653
700 52.024739 19.969917
750 52.194397 19.967182
800 52.365639 19.964517
850 52.538891 19.961889
900 52.713412 19.959225
950 52.889202 19.956691
1000 53.066047 19.954224
1050 53.243695 19.951804
1100 53.422583 19.949476
1150 53.602538 19.947179
1200 53.783268 19.944898
1250 53.964791 19.942762
1300 54.146912 19.940691
1350 54.329697 19.938662
1400 54.513326 19.936742
1450 54.697598 19.934822
1500 54.882409 19.932978
1550 55.067743 19.931258
1600 55.253490 19.929579
1650 55.439815 19.927968
1700 55.626728 19.926435
1750 55.814062 19.924905
1800 56.001818 19.923480
1850 56.189934 19.922165
1900 56.378419 19.920854
1950 56.567389 19.919642
2000 56.756770 19.918467
2050 56.946482 19.917317
2100 57.136528 19.916301
2150 57.326856 19.915321
2200 57.517540 19.914383
2250 57.708617 19.913528
2300 57.899999 19.912691
2350 58.091668 19.911913
2400 58.283604 19.911246
2450 58.475794 19.910594
2500 58.668322 19.909997
2550 58.861161 19.909473
2600 59.054251 19.908948
2650 59.247593 19.908530
2700 59.441148 19.908170
2750 59.634966 19.907822
2800 59.829084 19.907554
2850 60.023448 19.907315
2900 60.218039 19.907119
2950 60.412834 19.907007
3000 60.607832 19.906930
3050 60.803090 19.906880
3100 60.998602 19.906904
3150 61.194322 19.906955
3200 61.390237 19.907044
3250 61.586327 19.907222
3300 61.782627 19.907405
3350 61.979169 19.907644
3400 62.175845 19.907941
3450 62.371166 19.908155
3500 62.561377 19.908440
3550 62.749999 19.909050
3600 62.942252 19.909522
3650 63.136611 19.909932
3700 63.331972 19.910680
3750 63.527753 19.911302
3800 63.723951 19.911878
3850 63.920672 19.912573
3900 64.117755 19.913283
3950 64.315269 19.914035
4000 64.513055 19.914862
4050 64.710918 19.915798
4100 64.909294 19.916532
4150 65.107843 19.917440
4200 65.306529 19.918528
4250 65.505752 19.919377
4300 65.704997 19.920388
4350 65.904230 19.921677
4400 66.104027 19.922589
4450 66.304047 19.923549
4500 66.503868 19.925042
4550 66.704108 19.926202
4600 66.904771 19.927146
4650 67.105202 19.928634
4700 67.305729 19.930090
4750 67.506841 19.931154
4800 67.708061 19.932476
4850 67.909028 19.934118
4900 68.110242 19.935597
4950 68.311954 19.936865
5000 68.513668 19.938275
5050 68.715180 19.940035
5100 68.916970 19.941697
5150 69.119215 19.943029
5200 69.321412 19.944610
5250 69.523391 19.946529
5300 69.725645 19.948222
5350 69.928342 19.949731
5400 70.131042 19.951436
5450 70.333505 19.953396
5500 70.536102 19.955344
5550 70.739148 19.956975
5600 70.942322 19.958643
5650 71.145270 19.960749
5700 71.348218 19.962870
5750 71.551527 19.964690
5800 71.755082 19.966459
5850 71.958503 19.968483
5900 72.161805 19.970745
5950 72.365346 19.972883
6000 72.569209 19.974726
6050 72.773067 19.976723
6100 72.976738 19.979050
6150 73.180488 19.981357
6200 73.384566 19.983452
6250 73.588810 19.985475
6300 73.792906 19.987723
6350 73.996886 19.990194
6400 74.201087 19.992556
6450 74.405590 19.994644
6500 74.610114 19.996876
6550 74.814452 19.999366
6600 75.018778 20.001893
6650 75.223384 20.004299
6700 75.428214 20.006481
6750 75.632975 20.008881
6800 75.837569 20.011552
6850 76.042171 20.014147
6900 76.246610 20.016542
6950 76.450044 20.018831
7000 76.652168 20.021386
7050 76.853370 20.024185
7100 77.054584 20.026883
7150 77.256675 20.029344
7200 77.459413 20.031886
7250 77.662421 20.034658
7300 77.865564 20.037484
7350 78.069103 20.040263
7400 78.273044 20.042800
7450 78.477137 20.045396
7500 78.681267 20.048297
7550 78.885418 20.051222
7600 79.089859 20.054040
7650 79.294588 20.056682
7700 79.499367 20.059373
7750 79.704114 20.062337
7800 79.908908 20.065372
7850 80.113907 20.068248
7900 80.319138 20.070967
7950 80.524413 20.073781
8000 80.729592 20.076784
8050 80.934794 20.079903
8100 81.140209 20.082886
8150 81.345817 20.085642
8200 81.551411 20.088567
8250 81.756899 20.091660
8300 81.962429 20.094796
8350 82.168135 20.097889
8400 82.373964 20.100740
8450 82.579799 20.103704
8500 82.785564 20.106894
8550 82.991301 20.110084
8600 83.197160 20.113224
8650 83.403185 20.116201
8700 83.609225 20.119215
8750 83.815141 20.122426
8800 84.021015 20.125728
8850 84.227015 20.128938
8900 84.433167 20.131946
8950 84.639327 20.135046
9000 84.845354 20.138334
9050 85.051327 20.141669
9100 85.257420 20.144936
9150 85.463654 20.148047
9200 85.669870 20.151209
9250 85.875969 20.154506
9300 86.082032 20.157906
9350 86.288177 20.161292
9400 86.494423 20.164445
9450 86.700670 20.167614
9500 86.906838 20.171016
9550 87.112950 20.174474
9600 87.319096 20.177870
9650 87.525336 20.181125
9700 87.731599 20.184374
9750 87.937801 20.187795
9800 88.143927 20.191266
9850 88.350057 20.194733
9900 88.556272 20.198132
9950 88.762526 20.201402
10000 88.968737 20.204786
10050 89.174856 20.208344
10100 89.380949 20.211917
10150 89.587121 20.215361
10200 89.793349 20.218652
10250 89.999542 20.222081
10300 90.205593 20.225706
10350 90.411445 20.229306
10400 90.616990 20.232772
10450 90.822145 20.236139
10500 91.026913 20.239631
10550 91.231172 20.243241
10600 91.435027 20.246863
10650 91.638859 20.250476
10700 91.842911 20.253992
10750 92.047144 20.257516
10800 92.251430 20.261116
10850 92.455802 20.264794
10900 92.660321 20.268524
10950 92.865011 20.272099
11000 93.069808 20.275587
11050 93.274592 20.279205
11100 93.479392 20.282964
11150 93.684269 20.286750
11200 93.889274 20.290365
11250 94.094362 20.293862
11300 94.299419 20.297521
11350 94.504463 20.301340
11400 94.709544 20.305128
11450 94.914725 20.308792
11500 95.119964 20.312365
11550 95.325179 20.316052
11600 95.530374 20.319883
11650 95.735569 20.323669
11700 95.940829 20.327401
11750 96.146132 20.331083
11800 96.351432 20.334783
11850 96.556711 20.338583
11900 96.761955 20.342389
11950 96.967232 20.346209
12000 97.172540 20.349990
12050 97.377870 20.353695
12100 97.583179 20.357459
12150 97.788432 20.361301
12200 97.993684 20.365209
12250 98.198956 20.369062
12300 98.404272 20.372777
12350 98.609573 20.376528
12400 98.814808 20.380406
12450 99.020005 20.384379
12500 99.225214 20.388287
12550 99.430487 20.392029
12600 99.635747 20.395790
12650 99.840938 20.399699
12700 100.046063 20.403704
12750 100.251192 20.407649
12800 100.456393 20.411442
12850 100.661580 20.415227
12900 100.866699 20.419152
12950 101.071741 20.423160
13000 101.276780 20.427124
13050 101.481877 20.430986
13100 101.686961 20.434810
13150 101.891994 20.438730
13200 102.096941 20.442726
13250 102.301874 20.446698
13300 102.506846 20.450636
13350 102.711804 20.454514
13400 102.916724 20.458420
13450 103.121570 20.462399
13500 103.326392 20.466379
13550 103.531219 20.470377
13600 103.736036 20.474326
13650 103.940836 20.478227
13700 104.145571 20.482176
13750 104.350259 20.486164
13800 104.554865 20.490212
13850 104.759314 20.494221
13900 104.963549 20.498123
13950 105.167556 20.502035
14000 105.371378 20.506030
14050 105.574954 20.510116
14100 105.778281 20.514184
14150 105.981441 20.518134
14200 106.184522 20.522048
14250 106.387588 20.526060
14300 106.590640 20.530191
14350 106.793742 20.534308
14400 106.996913 20.538301
14450 107.200135 20.542214
14500 107.403386 20.546218
14550 107.606622 20.550365
14600 107.809887 20.554508
14650 108.013195 20.558538
14700 108.216559 20.562472
14750 108.419943 20.566470
14800 108.623290 20.570610
14850 108.826644 20.574762
14900 109.030022 20.578831
14950 109.233451 20.582798
15000 109.436888 20.586789
15050 109.640282 20.590908
15100 109.843674 20.595059
15150 110.047069 20.599154
15200 110.250502 20.603151
15250 110.453932 20.607143
15300 110.657326 20.611240
15350 110.860713 20.615374
15400 111.064078 20.619473
15450 111.267468 20.623501
15500 111.470845 20.627516
15550 111.674197 20.631592
15600 111.877536 20.635697
15650 112.080838 20.639791
15700 112.284151 20.643851
15750 112.487439 20.647905
15800 112.690707 20.651965
15850 112.893964 20.656041
15900 113.097183 20.660131
15950 113.300396 20.664213
16000 113.503564 20.668305
16050 113.706720 20.672368
16100 113.909872 20.676423
16150 114.112990 20.680505
16200 114.316081 20.684593
16250 114.519109 20.688716
16300 114.722133 20.692806
16350 114.925161 20.696855
16400 115.128157 20.700920
16450 115.331110 20.705004
16500 115.533987 20.709151
16550 115.736863 20.713282
16600 115.939743 20.717339
16650 116.142596 20.721381
16700 116.345399 20.725458
16750 116.548118 20.729624
16800 116.750829 20.733792
16850 116.953537 20.737873
16900 117.156226 20.741900
16950 117.358863 20.745965
17000 117.561412 20.750141
17050 117.763940 20.754332
17100 117.966454 20.758448
17150 118.168957 20.762478
17200 118.371406 20.766530
17250 118.573739 20.770699
17300 118.775976 20.774898
17350 118.978093 20.779050
17400 119.180099 20.783102
17450 119.381968 20.787140
17500 119.583668 20.791289
17550 119.785220 20.795495
17600 119.986610 20.799692
17650 120.187871 20.803794
17700 120.388991 20.807842
17750 120.589978 20.811978
17800 120.790897 20.816196
17850 120.991781 20.820439
17900 121.192681 20.824595
17950 121.393566 20.828659
18000 121.594408 20.832778
18050 121.795228 20.836994
18100 121.996030 20.841267
18150 122.196855 20.845470
18200 122.397670 20.849563
18250 122.598458 20.853675
18300 122.799228 20.857886
18350 122.999972 20.862177
18400 123.200724 20.866417
18450 123.401461 20.870549
18500 123.602180 20.874671
18550 123.802881 20.878875
18600 124.003547 20.883170
18650 124.204207 20.887438
18700 124.404845 20.891614
18750 124.605467 20.895760
18800 124.806070 20.899960
18850 125.006634 20.904249
18900 125.207181 20.908537
18950 125.407695 20.912755
19000 125.608193 20.916936
19050 125.808670 20.921138
19100 126.009107 20.925416
19150 126.209520 20.929717
19200 126.409891 20.933971
19250 126.610241 20.938188
19300 126.810567 20.942402
19350 127.010855 20.946670
19400 127.211117 20.950979
19450 127.411331 20.955260
19500 127.611517 20.959509
19550 127.811676 20.963741
19600 128.011801 20.968005
19650 128.211902 20.972316
19700 128.411953 20.976613
19750 128.611969 20.980881
19800 128.811953 20.985131
19850 129.011906 20.989398
19900 129.211839 20.993707
19950 129.411724 20.998009
20000 129.611567 21.002283
20050 129.811369 21.006544
20100 130.011139 21.010819
20150 130.210892 21.015126
20200 130.410599 21.019420
20250 130.610259 21.023688
20300 130.809872 21.027949
20350 131.009452 21.032230
20400 131.209017 21.036537
20450 131.408539 21.040817
20500 131.608013 21.045071
20550 131.807434 21.049322
20600 132.006816 21.053605
20650 132.206177 21.057915
20700 132.405488 21.062184
20750 132.604731 21.066420
20800 132.803872 21.070654
20850 133.002907 21.074930
20900 133.201855 21.079243
20950 133.400712 21.083508
21000 133.599483 21.087727
21050 133.798139 21.091945
21100 133.996671 21.096212
21150 134.195086 21.100533
21200 134.393386 21.104807
21250 134.591589 21.109027
21300 134.789693 21.113233
21350 134.987714 21.117491
21400 135.185682 21.121812
21450 135.383605 21.126099
21500 135.581505 21.130325
21550 135.779363 21.134521
21600 135.977174 21.138760
21650 136.174948 21.143069
21700 136.372691 21.147364
21750 136.570427 21.151604
21800 136.768138 21.155796
21850 136.965809 21.160015
21900 137.163439 21.164303
21950 137.361033 21.168600
22000 137.558623 21.172859
22050 137.756193 21.177060
22100 137.953726 21.181264
22150 138.151214 21.185527
22200 138.348658 21.189819
22250 138.546094 21.194099
22300 138.743512 21.198320
22350 138.940894 21.202519
22400 139.138230 21.206758
22450 139.335515 21.211039
22500 139.532783 21.215335
22550 139.730031 21.219585
22600 139.927245 21.223792
22650 140.124414 21.228010
22700 140.321523 21.232274
22750 140.518605 21.236579
22800 140.715665 21.240860
22850 140.912691 21.245086
22900 141.109673 21.249291
22950 141.306593 21.253534
23000 141.503479 21.257838
23050 141.700337 21.262145
23100 141.897158 21.266398
23150 142.093938 21.270601
23200 142.290654 21.274823
23250 142.487331 21.279117
23300 142.683975 21.283441
23350 142.880578 21.287724
23400 143.077137 21.291938
23450 143.273638 21.296147
23500 143.470098 21.300425
23550 143.666521 21.304758
23600 143.862898 21.309069
23650 144.059230 21.313307
23700 144.255510 21.317514
23750 144.451754 21.321778
23800 144.647956 21.326113
23850 144.844108 21.330447
23900 145.040213 21.334716
23950 145.236270 21.338937
24000 145.432296 21.343191
24050 145.628280 21.347521
24100 145.824209 21.351872
24150 146.020082 21.356173
24200 146.215902 21.360419
24250 146.411676 21.364672
24300 146.607380 21.368994
24350 146.802997 21.373352
24400 146.998519 21.377681
24450 147.193966 21.381956
24500 147.389361 21.386217
24550 147.584689 21.390532
24600 147.779927 21.394889
24650 147.975056 21.399239
24700 148.170084 21.403545
24750 148.365042 21.407821
24800 148.559928 21.412132
24850 148.754736 21.416484
24900 148.949456 21.420843
24950 149.144104 21.425172
25000 149.338722 21.429466
25050 149.533310 21.433776
25100 149.727856 21.438114
25150 149.922344 21.442469
25200 150.116772 21.446809
25250 150.311183 21.451118
25300 150.505580 21.455430
25350 150.699948 21.459756
25400 150.894273 21.464097
25450 151.088536 21.468438
25500 151.282782 21.472760
25550 151.477017 21.477080
25600 151.671230 21.481398
25650 151.865410 21.485724
25700 152.059528 21.490059
25750 152.253625 21.494391
25800 152.447710 21.498720
25850 152.641770 21.503039
25900 152.835810 21.507352
25950 153.029789 21.511677
26000 153.223740 21.516015
26050 153.417675 21.520351
26100 153.611582 21.524676
26150 153.805475 21.528980
26200 153.999313 21.533294
26250 154.193115 21.537629
26300 154.386894 21.541970
26350 154.580636 21.546302
26400 154.774367 21.550603
26450 154.968049 21.554903
26500 155.161688 21.559229
26550 155.355298 21.563566
26600 155.548864 21.567902
26650 155.742417 21.572200
26700 155.935932 21.576486
26750 156.129400 21.580795
26800 156.322838 21.585120
26850 156.516226 21.589451
26900 156.709592 21.593745
26950 156.902932 21.598017
27000 157.096222 21.602305
27050 157.289484 21.606612
27100 157.482689 21.610930
27150 157.675861 21.615219
27200 157.869016 21.619476
27250 158.062121 21.623742
27300 158.255198 21.628028
27350 158.448217 21.632329
27400 158.641190 21.636609
27450 158.834153 21.640852
27500 159.027067 21.645098
27550 159.219953 21.649365
27600 159.412782 21.653645
27650 159.605549 21.657917
27700 159.798296 21.662150
27750 159.990985 21.666381
27800 160.183625 21.670632
27850 160.376192 21.674896
27900 160.568671 21.679161
27950 160.761110 21.683389
28000 160.953491 21.687609
28050 161.145817 21.691850
28100 161.338076 21.696103
28150 161.530240 21.700367
28200 161.722341 21.704596
28250 161.914374 21.708811
28300 162.106336 21.713046
28350 162.298232 21.717298
28400 162.490036 21.721562
28450 162.681777 21.725798
28500 162.873469 21.730010
28550 163.065107 21.734242
28600 163.256706 21.738495
28650 163.448236 21.742759
28700 163.639707 21.747004
28750 163.831146 21.751216
28800 164.022539 21.755443
28850 164.213906 21.759698
28900 164.405218 21.763963
28950 164.596470 21.768219
29000 164.787695 21.772433
29050 164.978878 21.776656
29100 165.170039 21.780910
29150 165.361153 21.785180
29200 165.552206 21.789448
29250 165.743229 21.793673
29300 165.934212 21.797893
29350 166.125170 21.802145
29400 166.316088 21.806422
29450 166.506945 21.810704
29500 166.697766 21.814947
29550 166.888549 21.819171
29600 167.079302 21.823422
29650 167.270022 21.827708
29700 167.460682 21.832006
29750 167.651299 21.836275
29800 167.841881 21.840510
29850 168.032426 21.844765
29900 168.222943 21.849059
29950 168.413404 21.853372
30000 168.603813 21.857671
30050 168.794191 21.861926
30100 168.984525 21.866187
30150 169.174836 21.870486
30200 169.365091 21.874812
30250 169.555291 21.879142
30300 169.745458 21.883424
30350 169.935581 21.887697
30400 170.125678 21.891998
30450 170.315724 21.896337
30500 170.505710 21.900691
30550 170.695661 21.905008
30600 170.885570 21.909299
30650 171.075446 21.913604
30700 171.265277 21.917952
30750 171.455047 21.922323
30800 171.644776 21.926675
30850 171.834467 21.930989
30900 172.024116 21.935302
30950 172.213730 21.939653
31000 172.403283 21.944033
31050 172.592790 21.948414
31100 172.782258 21.952751
31150 172.971678 21.957073
31200 173.161061 21.961419
31250 173.350377 21.965799
31300 173.539630 21.970196
31350 173.728832 21.974555
31400 173.917976 21.978887
31450 174.107074 21.983226
31500 174.296108 21.987600
31550 174.485073 21.991996
31600 174.673982 21.996373
31650 174.862833 22.000716
31700 175.051626 22.005045
31750 175.240354 22.009407
31800 175.428999 22.013789
31850 175.617579 22.018174
31900 175.806096 22.022522
31950 175.994550 22.026845
32000 176.182952 22.031186
32050 176.371285 22.035547
32100 176.559560 22.039925
32150 176.747783 22.044274
32200 176.935956 22.048593
32250 177.124092 22.052911
32300 177.312173 22.057247
32350 177.500200 22.061604
32400 177.688182 22.065947
32450 177.876119 22.070264
32500 178.064022 22.074560
32550 178.251883 22.078872
32600 178.439691 22.083199
32650 178.627457 22.087532
32700 178.815179 22.091841
32750 179.002861 22.096125
32800 179.190510 22.100416
32850 179.378109 22.104715
32900 179.565667 22.109032
32950 179.753176 22.113334
33000 179.940643 22.117616
33050 180.128079 22.121890
33100 180.315470 22.126167
33150 180.502817 22.130462
33200 180.690116 22.134756
33250 180.877369 22.139039
33300 181.064588 22.143301
33350 181.251768 22.147566
33400 181.438898 22.151836
33450 181.625988 22.156122
33500 181.813025 22.160401
33550 182.000022 22.164663
33600 182.186983 22.168919
33650 182.373896 22.173172
33700 182.560771 22.177444
33750 182.747591 22.181717
33800 182.934364 22.185986
33850 183.121099 22.190239
33900 183.307789 22.194484
33950 183.494437 22.198739
34000 183.681037 22.203008
34050 183.867581 22.207284
34100 184.054084 22.211542
34150 184.240542 22.215790
34200 184.426952 22.220035
34250 184.613324 22.224300
34300 184.799636 22.228576
34350 184.985899 22.232846
34400 185.172117 22.237104
34450 185.358288 22.241345
34500 185.544423 22.245603
34550 185.730503 22.249877
34600 185.916525 22.254161
34650 186.102497 22.258427
34700 186.288419 22.262673
34750 186.474293 22.266924
34800 186.660115 22.271194
34850 186.845864 22.275484
34900 187.031553 22.279762
34950 187.217184 22.284023
35000 187.402759 22.288272
35050 187.588289 22.292541
35100 187.773750 22.296831
35150 187.959140 22.301126
35200 188.144467 22.305405
35250 188.329735 22.309661
35300 188.514950 22.313931
35350 188.700101 22.318222
35400 188.885172 22.322535
35450 189.070174 22.326831
35500 189.255120 22.331106
35550 189.440011 22.335382
35600 189.624853 22.339681
35650 189.809629 22.344004
35700 189.994336 22.348322
35750 190.178991 22.352625
35800 190.363602 22.356913
35850 190.548173 22.361221
35900 190.732698 22.365551
35950 190.917157 22.369893
36000 191.101564 22.374217
36050 191.285935 22.378520
36100 191.470269 22.382835
36150 191.654566 22.387169
36200 191.838811 22.391522
36250 192.022997 22.395862
36300 192.207147 22.400186
36350 192.391265 22.404504
36400 192.575350 22.408841
36450 192.759398 22.413195
36500 192.943384 22.417550
36550 193.127325 22.421889
36600 193.311239 22.426210
36650 193.495121 22.430547
36700 193.678970 22.434898
36750 193.862769 22.439260
36800 194.046511 22.443604
36850 194.230227 22.447935
36900 194.413913 22.452267
36950 194.597562 22.456614
37000 194.781179 22.460971
37050 194.964735 22.465322
37100 195.148253 22.469659
37150 195.331745 22.473983
37200 195.515199 22.478325
37250 195.698622 22.482673
37300 195.881996 22.487028
37350 196.065317 22.491363
37400 196.248613 22.495688
37450 196.431874 22.500020
37500 196.615093 22.504363
37550 196.798284 22.508711
37600 196.981415 22.513050
37650 197.164513 22.517377
37700 197.347580 22.521697
37750 197.530599 22.526033
37800 197.713590 22.530373
37850 197.896534 22.534714
37900 198.079428 22.539037
37950 198.262295 22.543348
38000 198.445116 22.547672
38050 198.627891 22.552004
38100 198.810640 22.556335
38150 198.993330 22.560655
38200 199.175986 22.564961
38250 199.358597 22.569259
38300 199.541148 22.573578
38350 199.723668 22.577895
38400 199.906138 22.582208
38450 200.088556 22.586502
38500 200.270935 22.590781
38550 200.453255 22.595075
38600 200.635522 22.599378
38650 200.817760 22.603676
38700 200.999935 22.607960
38750 201.182073 22.612228
38800 201.364152 22.616488
38850 201.546161 22.620772
38900 201.728134 22.625054
38950 201.910056 22.629329
39000 202.091925 22.633582
39050 202.273747 22.637819
39100 202.455500 22.642073
39150 202.637197 22.646339
39200 202.818864 22.650599
39250 203.000474 22.654842
39300 203.182050 22.659067
39350 203.363567 22.663283
39400 203.545019 22.667529
39450 203.726442 22.671775
39500 203.907823 22.676013
39550 204.089164 22.680228
39600 204.270462 22.684427
39650 204.451700 22.688645
39700 204.632886 22.692883
39750 204.814050 22.697116
39800 204.995165 22.701333
39850 205.176252 22.705532
39900 205.357283 22.709723
39950 205.538252 22.713948
40000 205.719191 22.718180
40050 205.900092 22.722402
40100 206.080958 22.726602
40150 206.261780 22.730788
40200 206.442544 22.734991
40250 206.623255 22.739222
40300 206.803940 22.743448
40350 206.984579 22.747659
40400 207.165191 22.751852
40450 207.345745 22.756037
40500 207.526239 22.760260
40550 207.706697 22.764493
40600 207.887118 22.768715
40650 208.067504 22.772918
40700 208.247847 22.777110
40750 208.428133 22.781316
40800 208.608366 22.785554
40850 208.788569 22.789786
40900 208.968725 22.794006
40950 209.148856 22.798212
41000 209.328927 22.802412
41050 209.508940 22.806646
41100 209.688913 22.810894
41150 209.868845 22.815129
41200 210.048740 22.819354
41250 210.228593 22.823572
41300 210.408390 22.827798
41350 210.588132 22.832057
41400 210.767839 22.836312
41450 210.947497 22.840558
41500 211.127131 22.844797
41550 211.306705 22.849035
41600 211.486225 22.853296
41650 211.665697 22.857574
41700 211.845126 22.861841
41750 212.024511 22.866104
41800 212.203856 22.870368
41850 212.383141 22.874633
41900 212.562365 22.878926
41950 212.741546 22.883219
42000 212.920672 22.887505
42050 213.099766 22.891793
42100 213.278801 22.896083
42150 213.457778 22.900383
42200 213.636697 22.904701
42250 213.815569 22.909011
42300 213.994388 22.913322
42350 214.173170 22.917639
42400 214.351886 22.921953
42450 214.530542 22.926283
42500 214.709143 22.930615
42550 214.887691 22.934943
42600 215.066198 22.939277
42650 215.244650 22.943616
42700 215.423043 22.947949
42750 215.601376 22.952298
42800 215.779663 22.956640
42850 215.957896 22.960983
42900 216.136096 22.965337
42950 216.314236 22.969684
43000 216.492322 22.974032
43050 216.670353 22.978383
43100 216.848342 22.982730
43150 217.026286 22.987081
43200 217.204189 22.991440
43250 217.382034 22.995782
43300 217.559827 23.000132
43350 217.737573 23.004477
43400 217.915275 23.008820
43450 218.092942 23.013170
43500 218.270557 23.017515
43550 218.448120 23.021848
43600 218.625632 23.026185
43650 218.803104 23.030516
43700 218.980531 23.034845
43750 219.157922 23.039183
43800 219.335258 23.043502
43850 219.512547 23.047819
43900 219.689790 23.052133
43950 219.866993 23.056441
44000 220.044157 23.060750
44050 220.221278 23.065062
44100 220.398346 23.069353
44150 220.575372 23.073650
44200 220.752354 23.077937
44250 220.929294 23.082219
44300 221.106196 23.086508
44350 221.283049 23.090787
44400 221.459856 23.095055
44450 221.636620 23.099327
44500 221.813341 23.103587
44550 221.990016 23.107843
44600 222.166652 23.112109
44650 222.343235 23.116358
44700 222.519778 23.120610
44750 222.696272 23.124856
44800 222.872719 23.129094
44850 223.049121 23.133332
44900 223.225480 23.137577
44950 223.401785 23.141808
45000 223.578054 23.146048
45050 223.754270 23.150274
45100 223.930435 23.154493
45150 224.106554 23.158722
45200 224.282625 23.162949
45250 224.458648 23.167173
45300 224.634626 23.171399
45350 224.810546 23.175612
45400 224.986413 23.179819
45450 225.162233 23.184042
45500 225.337999 23.188259
45550 225.513725 23.192481
45600 225.689396 23.196694
45650 225.865007 23.200899
45700 226.040563 23.205104
45750 226.216072 23.209323
45800 226.391523 23.213540
45850 226.566936 23.217762
45900 226.742285 23.221969
45950 226.917571 23.226171
46000 227.092801 23.230383
46050 227.267981 23.234603
46100 227.443107 23.238827
46150 227.618191 23.243049
46200 227.793207 23.247255
46250 227.968163 23.251458
46300 228.143063 23.255681
46350 228.317914 23.259908
46400 228.492721 23.264141
46450 228.667477 23.268361
46500 228.842168 23.272572
46550 229.016800 23.276783
46600 229.191384 23.281018
46650 229.365915 23.285259
46700 229.540412 23.289500
46750 229.714851 23.293723
46800 229.889228 23.297943
46850 230.063546 23.302170
46900 230.237824 23.306419
46950 230.412050 23.310678
47000 230.586242 23.314928
47050 230.760376 23.319161
47100 230.934448 23.323393
47150 231.108467 23.327645
47200 231.282448 23.331912
47250 231.456388 23.336190
47300 231.630289 23.340450
47350 231.804135 23.344699
47400 231.977923 23.348947
47450 232.151668 23.353224
47500 232.325376 23.357513
47550 232.499049 23.361805
47600 232.672680 23.366076
47650 232.846255 23.370341
47700 233.019776 23.374606
47750 233.193261 23.378904
47800 233.366708 23.383213
47850 233.540121 23.387514
47900 233.713492 23.391794
47950 233.886805 23.396072
48000 234.060067 23.400356
48050 234.233299 23.404669
48100 234.406493 23.408991
48150 234.579652 23.413296
48200 234.752770 23.417585
48250 234.925829 23.421870
48300 235.098842 23.426173
48350 235.271825 23.430496
48400 235.444772 23.434823
48450 235.617679 23.439128
48500 235.790548 23.443424
48550 235.963355 23.447713
48600 236.136123 23.452029
48650 236.308858 23.456357
48700 236.481554 23.460682
48750 236.654210 23.464986
48800 236.826825 23.469283
48850 236.999379 23.473571
48900 237.171897 23.477892
48950 237.344377 23.482217
49000 237.516813 23.486536
49050 237.689213 23.490835
49100 237.861564 23.495125
49150 238.033857 23.499410
49200 238.206113 23.503727
49250 238.378328 23.508045
49300 238.550493 23.512354
49350 238.722626 23.516643
49400 238.894702 23.520923
49450 239.066726 23.525202
49500 239.238709 23.529508
49550 239.410646 23.533815
49600 239.582531 23.538111
49650 239.754386 23.542387
49700 239.926180 23.546650
49750 240.097928 23.550921
49800 240.269633 23.555208
49850 240.441289 23.559500
49900 240.612895 23.563777
49950 240.784472 23.568035
50000 240.955988 23.572277
50050 241.127466 23.576535
50100 241.298897 23.580801
50150 241.470278 23.585074
50200 241.641614 23.589329
50250 241.812922 23.593564
50300 241.984172 23.597784
50350 242.155387 23.602025
50400 242.326554 23.606268
50450 242.497669 23.610521
50500 242.668746 23.614750
50550 242.839792 23.618960
50600 243.010785 23.623158
50650 243.181743 23.627379
50700 243.352653 23.631600
50750 243.523509 23.635829
50800 243.694333 23.640030
50850 243.865123 23.644216
50900 244.035867 23.648394
50950 244.206573 23.652592
51000 244.377229 23.656790
51050 244.547831 23.660993
51100 244.718406 23.665167
51150 244.888943 23.669332
51200 245.059440 23.673493
51250 245.229895 23.677668
51300 245.400302 23.681847
51350 245.570656 23.686024
51400 245.740986 23.690177
51450 245.911272 23.694327
51500 246.081524 23.698476
51550 246.251728 23.702633
51600 246.421882 23.706797
51650 246.591981 23.710955
51700 246.762056 23.715098
51750 246.932080 23.719242
51800 247.102075 23.723386
51850 247.272016 23.727532
51900 247.441907 23.731687
51950 247.611742 23.735836
52000 247.781552 23.739978
52050 247.951308 23.744124
52100 248.121036 23.748267
52150 248.290706 23.752409
52200 248.460325 23.756561
52250 248.629889 23.760711
52300 248.799425 23.764860
52350 248.968907 23.769012
52400 249.138360 23.773159
52450 249.307751 23.777301
52500 249.477090 23.781458
52550 249.646378 23.785618
52600 249.815634 23.789780
52650 249.984836 23.793942
52700 250.154007 23.798095
52750 250.323116 23.802245
52800 250.492173 23.806415
52850 250.661181 23.810591
52900 250.830153 23.814769
52950 250.999072 23.818941
53000 251.167954 23.823105
53050 251.336774 23.827270
53100 251.505541 23.831460
53150 251.674261 23.835657
53200 251.842940 23.839852
53250 252.011568 23.844039
53300 252.180154 23.848221
53350 252.348680 23.852412
53400 252.517154 23.856628
53450 252.685584 23.860849
53500 252.853969 23.865064
53550 253.022304 23.869271
53600 253.190595 23.873480
53650 253.358830 23.877702
53700 253.527015 23.881947
53750 253.695157 23.886193
53800 253.863250 23.890428
53850 254.031296 23.894660
53900 254.199298 23.898900
53950 254.367250 23.903154
54000 254.535152 23.907425
54050 254.703013 23.911690
54100 254.870824 23.915943
54150 255.038591 23.920200
54200 255.206316 23.924469
54250 255.373992 23.928751
54300 255.541621 23.933041
54350 255.709208 23.937317
54400 255.876743 23.941588
54450 256.044237 23.945868
54500 256.211688 23.950161
54550 256.379093 23.954461
54600 256.546449 23.958759
54650 256.713763 23.963042
54700 256.881026 23.967324
54750 257.048248 23.971620
54800 257.215428 23.975925
54850 257.382560 23.980229
54900 257.549643 23.984524
54950 257.716681 23.988804
55000 257.883670 23.993089
55050 258.050618 23.997389
55100 258.217524 24.001693
55150 258.384380 24.005986
55200 258.551185 24.010267
55250 258.717945 24.014537
55300 258.884656 24.018818
55350 259.051326 24.023108
55400 259.217952 24.027394
55450 259.384527 24.031666
55500 259.551054 24.035926
55550 259.717533 24.040180
55600 259.883964 24.044446
55650 260.050354 24.048714
55700 260.216700 24.052972
55750 260.382993 24.057215
55800 260.549240 24.061452
55850 260.715439 24.065686
55900 260.881590 24.069927
55950 261.047700 24.074164
56000 261.213767 24.078389
56050 261.379779 24.082603
56100 261.545747 24.086817
56150 261.711665 24.091028
56200 261.877536 24.095241
56250 262.043364 24.099443
56300 262.209150 24.103637
56350 262.374879 24.107828
56400 262.540566 24.112021
56450 262.706200 24.116209
56500 262.871787 24.120390
56550 263.037328 24.124560
56600 263.202827 24.128728
56650 263.368267 24.132901
56700 263.533665 24.137076
56750 263.699006 24.141241
56800 263.864297 24.145395
56850 264.029539 24.149540
56900 264.194739 24.153693
56950 264.359878 24.157857
57000 264.524978 24.162019
57050 264.690019 24.166166
57100 264.855009 24.170300
57150 265.019947 24.174432
57200 265.184846 24.178580
57250 265.349685 24.182740
57300 265.514485 24.186892
57350 265.679228 24.191027
57400 265.843917 24.195151
57450 266.008553 24.199279
57500 266.173151 24.203429
57550 266.337690 24.207588
57600 266.502193 24.211735
57650 266.666639 24.215863
57700 266.831033 24.219983
57750 266.995373 24.224114
57800 267.159677 24.228268
57850 267.323925 24.232427
57900 267.488135 24.236570
57950 267.652292 24.240696
58000 267.816396 24.244821
58050 267.980445 24.248959
58100 268.144457 24.253118
58150 268.308418 24.257279
58200 268.472338 24.261425
58250 268.636210 24.265559
58300 268.800028 24.269695
58350 268.963792 24.273843
58400 269.127516 24.278009
58450 269.291194 24.282175
58500 269.454828 24.286332
58550 269.618417 24.290480
58600 269.781952 24.294632
58650 269.945432 24.298794
58700 270.108868 24.302968
58750 270.272264 24.307144
58800 270.435613 24.311319
58850 270.598921 24.315489
58900 270.762176 24.319660
58950 270.925376 24.323834
59000 271.088531 24.328017
59050 271.251651 24.332207
59100 271.414722 24.336402
59150 271.577755 24.340595
59200 271.740736 24.344784
59250 271.903664 24.348969
59300 272.066543 24.353158
59350 272.229389 24.357364
59400 272.392188 24.361579
59450 272.554950 24.365794
59500 272.717663 24.369997
59550 272.880323 24.374193
59600 273.042931 24.378391
59650 273.205507 24.382613
59700 273.368038 24.386846
59750 273.530529 24.391080
59800 273.692977 24.395295
59850 273.855372 24.399501
59900 274.017712 24.403708
59950 274.180019 24.407947
60000 274.342285 24.412193
60050 274.504510 24.416440
60100 274.666693 24.420664
60150 274.828827 24.424880
60200 274.990903 24.429095
60250 275.152942 24.433346
60300 275.314944 24.437599
60350 275.476903 24.441855
60400 275.638820 24.446085
60450 275.800693 24.450308
60500 275.962504 24.454529
60550 276.124276 24.458783
60600 276.286012 24.463039
60650 276.447706 24.467295
60700 276.609356 24.471529
60750 276.770969 24.475754
60800 276.932519 24.479978
60850 277.094031 24.484223
60900 277.255504 24.488475
60950 277.416935 24.492723
61000 277.578319 24.496958
61050 277.739671 24.501179
61100 277.900964 24.505397
61150 278.062216 24.509622
61200 278.223427 24.513861
61250 278.384598 24.518094
61300 278.545720 24.522325
61350 278.706811 24.526536
61400 278.867852 24.530742
61450 279.028847 24.534941
61500 279.189804 24.539160
61550 279.350721 24.543371
61600 279.511589 24.547591
61650 279.672423 24.551788
61700 279.833219 24.555977
61750 279.993962 24.560149
61800 280.154669 24.564342
61850 280.315335 24.568530
61900 280.475954 24.572734
61950 280.636532 24.576914
62000 280.797082 24.581081
62050 280.957575 24.585228
62100 281.118038 24.589391
62150 281.278455 24.593558
62200 281.438828 24.597738
62250 281.599153 24.601901
62300 281.759456 24.606045
62350 281.919705 24.610170
62400 282.079925 24.614302
62450 282.240096 24.618449
62500 282.400223 24.622601
62550 282.560300 24.626745
62600 282.720354 24.630864
62650 282.880362 24.634972
62700 283.040336 24.639076
62750 283.200263 24.643202
62800 283.360144 24.647324
62850 283.519976 24.651448
62900 283.679776 24.655545
62950 283.839540 24.659638
63000 283.999260 24.663719
63050 284.158941 24.667822
63100 284.318571 24.671916
63150 284.478153 24.676018
63200 284.637691 24.680098
63250 284.797203 24.684176
63300 284.956660 24.688243
63350 285.116088 24.692320
63400 285.275458 24.696391
63450 285.434783 24.700469
63500 285.594056 24.704538
63550 285.753309 24.708604
63600 285.912504 24.712662
63650 286.071670 24.716718
63700 286.230776 24.720775
63750 286.389835 24.724833
63800 286.548839 24.728899
63850 286.707815 24.732960
63900 286.866740 24.737019
63950 287.025626 24.741065
64000 287.184460 24.745119
64050 287.343241 24.749170
64100 287.501973 24.753239
64150 287.660662 24.757304
64200 287.819315 24.761369
64250 287.977915 24.765420
64300 288.136478 24.769475
64350 288.294979 24.773530
64400 288.453439 24.777605
64450 288.611846 24.781681
64500 288.770231 24.785755
64550 288.928551 24.789818
64600 289.086844 24.793880
64650 289.245072 24.797948
64700 289.403263 24.802028
64750 289.561400 24.806118
64800 289.719515 24.810205
64850 289.877570 24.814285
64900 290.035590 24.818361
64950 290.193556 24.822446
65000 290.351477 24.826538
65050 290.509353 24.830643
65100 290.667191 24.834748
65150 290.824988 24.838850
65200 290.982732 24.842949
65250 291.140438 24.847056
65300 291.298086 24.851167
65350 291.455703 24.855289
65400 291.613264 24.859417
65450 291.770804 24.863545
65500 291.928275 24.867674
65550 292.085719 24.871803
65600 292.243103 24.875937
65650 292.400456 24.880079
65700 292.557754 24.884230
65750 292.715030 24.888387
65800 292.872244 24.892541
65850 293.029423 24.896695
65900 293.186553 24.900851
65950 293.343642 24.905014
66000 293.500691 24.909187
66050 293.657697 24.913369
66100 293.814665 24.917545
66150 293.971577 24.921723
66200 294.128456 24.925897
66250 294.285278 24.930080
66300 294.442071 24.934272
66350 294.598806 24.938473
66400 294.755518 24.942667
66450 294.912162 24.946859
66500 295.068775 24.951047
66550 295.225333 24.955243
66600 295.381858 24.959449
66650 295.538329 24.963657
66700 295.694766 24.967863
66750 295.851147 24.972057
66800 296.007483 24.976254
66850 296.163777 24.980452
66900 296.320019 24.984662
66950 296.476222 24.988869
67000 296.632369 24.993074
67050 296.788481 24.997262
67100 296.944531 25.001456
67150 297.100547 25.005646
67200 297.256504 25.009846
67250 297.412425 25.014043
67300 297.568285 25.018233
67350 297.724109 25.022411
67400 297.879873 25.026588
67450 298.035597 25.030763
67500 298.191272 25.034942
67550 298.346896 25.039121
67600 298.502473 25.043288
67650 298.657996 25.047451
67700 298.813477 25.051601
67750 298.968904 25.055756
67800 299.124294 25.059903
67850 299.279622 25.064056
67900 299.434912 25.068200
67950 299.590144 25.072338
68000 299.745339 25.076463
68050 299.900477 25.080589
68100 300.055578 25.084705
68150 300.210628 25.088825
68200 300.365630 25.092944
68250 300.520585 25.097055
68300 300.675490 25.101160
68350 300.830350 25.105252
68400 300.985162 25.109342
68450 301.139939 25.113429
68500 301.294655 25.117525
68550 301.449335 25.121614
68600 301.603958 25.125696
68650 301.758542 25.129760
68700 301.913072 25.133827
68750 302.067567 25.137886
68800 302.222013 25.141958
68850 302.376413 25.146029
68900 302.530766 25.150090
68950 302.685068 25.154140
69000 302.839322 25.158181
69050 302.993529 25.162226
69100 303.147704 25.166277
69150 303.301820 25.170337
69200 303.455897 25.174386
69250 303.609918 25.178428
69300 303.763895 25.182458
69350 303.917816 25.186496
69400 304.071704 25.190532
69450 304.225545 25.194584
69500 304.379339 25.198632
69550 304.533087 25.202671
69600 304.686782 25.206704
69650 304.840431 25.210735
69700 304.994030 25.214768
69750 305.147601 25.218810
69800 305.301115 25.222861
69850 305.454590 25.226905
69900 305.608012 25.230943
69950 305.761389 25.234971
70000 305.914711 25.239004
70050 306.068000 25.243039
70100 306.221246 25.247093
70150 306.374446 25.251148
70200 306.527601 25.255195
70250 306.680702 25.259232
70300 306.833758 25.263266
70350 306.986762 25.267305
70400 307.139739 25.271361
70450 307.292663 25.275429
70500 307.445548 25.279493
70550 307.598378 25.283546
70600 307.751164 25.287589
70650 307.903896 25.291638
70700 308.056591 25.295698
70750 308.209249 25.299779
70800 308.361860 25.303861
70850 308.514426 25.307934
70900 308.666941 25.311995
70950 308.819411 25.316056
71000 308.971826 25.320125
71050 309.124213 25.324212
71100 309.276553 25.328308
71150 309.428851 25.332401
71200 309.581096 25.336485
71250 309.733295 25.340560
71300 309.885442 25.344641
71350 310.037545 25.348729
71400 310.189613 25.352836
71450 310.341637 25.356944
71500 310.493614 25.361050
71550 310.645542 25.365144
71600 310.797426 25.369237
71650 310.949251 25.373331
71700 311.101047 25.377441
71750 311.252801 25.381563
71800 311.404514 25.385688
71850 311.556177 25.389806
71900 311.707797 25.393911
71950 311.859367 25.398016
72000 312.010888 25.402127
72050 312.162378 25.406261
72100 312.313828 25.410397
72150 312.465234 25.414535
72200 312.616593 25.418656
72250 312.767912 25.422772
72300 312.919174 25.426887
72350 313.070403 25.431020
72400 313.221592 25.435167
72450 313.372743 25.439311
72500 313.523846 25.443451
72550 313.674910 25.447574
72600 313.825929 25.451698
72650 313.976896 25.455822
72700 314.127830 25.459969
72750 314.278726 25.464114
72800 314.429579 25.468261
72850 314.580385 25.472395
72900 314.731158 25.476521
72950 314.881876 25.480639
73000 315.032555 25.484765
73050 315.183192 25.488909
73100 315.333794 25.493046
73150 315.484348 25.497188
73200 315.634865 25.501307
73250 315.785345 25.505423
73300 315.935772 25.509524
73350 316.086170 25.513646
73400 316.236527 25.517771
73450 316.386847 25.521897
73500 316.537118 25.526016
73550 316.687360 25.530113
73600 316.837556 25.534202
73650 316.987709 25.538285
73700 317.137825 25.542393
73750 317.287904 25.546492
73800 317.437938 25.550598
73850 317.587927 25.554681
73900 317.737890 25.558755
73950 317.887798 25.562814
74000 318.037676 25.566881
74050 318.187507 25.570961
74100 318.337300 25.575032
74150 318.487045 25.579108
74200 318.636753 25.583158
74250 318.786430 25.587208
74300 318.936054 25.591239
74350 319.085648 25.595287
74400 319.235194 25.599332
74450 319.384698 25.603380
74500 319.534153 25.607422
74550 319.683581 25.611449
74600 319.832967 25.615468
74650 319.982312 25.619473
74700 320.131616 25.623498
74750 320.280875 25.627514
74800 320.430091 25.631542
74850 320.579260 25.635552
74900 320.728408 25.639557
74950 320.877503 25.643543
75000 321.026569 25.647532
75050 321.175582 25.651532
75100 321.324553 25.655527
75150 321.473477 25.659531
75200 321.622362 25.663513
75250 321.771220 25.667496
75300 321.920022 25.671459
75350 322.068794 25.675435
75400 322.217510 25.679409
75450 322.366182 25.683386
75500 322.514805 25.687361
75550 322.663398 25.691326
75600 322.811950 25.695289
75650 322.960456 25.699235
75700 323.108920 25.703196
75750 323.257331 25.707146
75800 323.405699 25.711108
75850 323.554020 25.715064
75900 323.702318 25.719020
75950 323.850562 25.722965
76000 323.998769 25.726902
76050 324.146926 25.730848
76100 324.295035 25.734789
76150 324.443102 25.738745
76200 324.591125 25.742695
76250 324.739125 25.746648
76300 324.887063 25.750585
76350 325.034970 25.754522
76400 325.182821 25.758465
76450 325.330629 25.762413
76500 325.478395 25.766370
76550 325.626124 25.770326
76600 325.773824 25.774282
76650 325.921463 25.778225
76700 326.069070 25.782174
76750 326.216621 25.786123
76800 326.364135 25.790083
76850 326.511605 25.794048
76900 326.659047 25.798019
76950 326.806447 25.801986
77000 326.953796 25.805944
77050 327.101104 25.809907
77100 327.248360 25.813871
77150 327.395584 25.817848
77200 327.542762 25.821831
77250 327.689920 25.825822
77300 327.837020 25.829805
77350 327.984079 25.833781
77400 328.131089 25.837762
77450 328.278054 25.841748
77500 328.424987 25.845748
77550 328.571872 25.849756
77600 328.718739 25.853768
77650 328.865538 25.857769
77700 329.012305 25.861766
77750 329.159018 25.865771
77800 329.305692 25.869786
77850 329.452334 25.873811
77900 329.598931 25.877845
77950 329.745507 25.881876
78000 329.892013 25.885900
78050 330.038489 25.889922
78100 330.184911 25.893953
78150 330.331300 25.897996
78200 330.477651 25.902044
78250 330.623963 25.906101
78300 330.770241 25.910151
78350 330.916455 25.914199
78400 331.062633 25.918243
78450 331.208758 25.922297
78500 331.354853 25.926361
78550 331.500902 25.930428
78600 331.646920 25.934503
78650 331.792891 25.938568
78700 331.938807 25.942632
78750 332.084682 25.946690
78800 332.230507 25.950760
78850 332.376301 25.954838
78900 332.522044 25.958918
78950 332.667757 25.963000
79000 332.813414 25.967069
79050 332.959023 25.971136
79100 333.104587 25.975198
79150 333.250101 25.979276
79200 333.395583 25.983357
79250 333.541009 25.987438
79300 333.686405 25.991511
79350 333.831738 25.995573
79400 333.977031 25.999634
79450 334.122277 26.003693
79500 334.267472 26.007766
79550 334.412632 26.011836
79600 334.557733 26.015904
79650 334.702804 26.019960
79700 334.847810 26.024008
79750 334.992780 26.028051
79800 335.137700 26.032096
79850 335.282571 26.036151
79900 335.427403 26.040200
79950 335.572176 26.044246
80000 335.716915 26.048277
80050 335.861592 26.052303
80100 336.006234 26.056318
80150 336.150826 26.060339
80200 336.295369 26.064367
80250 336.439869 26.068388
80300 336.584311 26.072405
80350 336.728719 26.076405
80400 336.873066 26.080399
80450 337.017383 26.084382
80500 337.161650 26.088375
80550 337.305871 26.092374
80600 337.450046 26.096364
80650 337.594166 26.100348
80700 337.738249 26.104315
80750 337.882275 26.108279
80800 338.026272 26.112232
80850 338.170220 26.116199
80900 338.314123 26.120169
80950 338.457977 26.124130
81000 338.601778 26.128084
81050 338.745541 26.132024
81100 338.889250 26.135964
81150 339.032932 26.139893
81200 339.176565 26.143838
81250 339.320155 26.147783
81300 339.463695 26.151723
81350 339.607184 26.155656
81400 339.750632 26.159577
81450 339.894028 26.163498
81500 340.037399 26.167409
81550 340.180720 26.171339
81600 340.324001 26.175270
81650 340.467228 26.179198
81700 340.610404 26.183117
81750 340.753537 26.187026
81800 340.896619 26.190935
81850 341.039677 26.194839
81900 341.182687 26.198763
81950 341.325657 26.202689
82000 341.468573 26.206611
82050 341.611438 26.210522
82100 341.754259 26.214425
82150 341.897030 26.218330
82200 342.039777 26.222235
82250 342.182478 26.226162
82300 342.325141 26.230088
82350 342.467748 26.234011
82400 342.610305 26.237923
82450 342.752819 26.241828
82500 342.895283 26.245738
82550 343.037725 26.249650
82600 343.180122 26.253584
82650 343.322482 26.257517
82700 343.464788 26.261448
82750 343.607044 26.265368
82800 343.749258 26.269282
82850 343.891424 26.273200
82900 344.033568 26.277122
82950 344.175671 26.281065
83000 344.317739 26.285010
83050 344.459754 26.288954
83100 344.601720 26.292884
83150 344.743645 26.296808
83200 344.885521 26.300736
83250 345.027373 26.304672
83300 345.169185 26.308629
83350 345.310962 26.312586
83400 345.452685 26.316543
83450 345.594358 26.320485
83500 345.735988 26.324422
83550 345.877570 26.328363
83600 346.019123 26.332312
83650 346.160639 26.336281
83700 346.302118 26.340250
83750 346.443545 26.344220
83800 346.584920 26.348176
83850 346.726253 26.352128
83900 346.867536 26.356081
83950 347.008786 26.360043
84000 347.149999 26.364021
84050 347.291175 26.368003
84100 347.432301 26.371985
84150 347.573374 26.375956
84200 347.714407 26.379920
84250 347.855389 26.383884
84300 347.996334 26.387858
84350 348.137245 26.391847
84400 348.278119 26.395841
84450 348.418947 26.399835
84500 348.559722 26.403819
84550 348.700458 26.407794
84600 348.841144 26.411768
84650 348.981790 26.415752
84700 349.122403 26.419750
84750 349.262979 26.423753
84800 349.403513 26.427754
84850 349.543995 26.431749
84900 349.684439 26.435731
84950 349.824835 26.439713
85000 349.965188 26.443701
85050 350.105509 26.447703
85100 350.245790 26.451710
85150 350.386031 26.455713
85200 350.526219 26.459713
85250 350.666371 26.463697
85300 350.806477 26.467680
85350 350.946537 26.471664
85400 351.086565 26.475662
85450 351.226552 26.479667
85500 351.366501 26.483665
85550 351.506399 26.487663
85600 351.646261 26.491641
85650 351.786082 26.495618
85700 351.925858 26.499588
85750 352.065606 26.503575
85800 352.205312 26.507567
85850 352.344985 26.511551
85900 352.484610 26.515536
85950 352.624199 26.519499
86000 352.763753 26.523460
86050 352.903263 26.527409
86100 353.042744 26.531373
86150 353.182185 26.535343
86200 353.321590 26.539305
86250 353.460949 26.543268
86300 353.600271 26.547210
86350 353.739562 26.551150
86400 353.878805 26.555074
86450 354.018017 26.559010
86500 354.157186 26.562953
86550 354.296319 26.566890
86600 354.435406 26.570827
86650 354.574453 26.574746
86700 354.713472 26.578660
86750 354.852443 26.582561
86800 354.991380 26.586464
86850 355.130275 26.590380
86900 355.269131 26.594290
86950 355.407941 26.598198
87000 355.546713 26.602095
87050 355.685456 26.605985
87100 355.824157 26.609864
87150 355.962820 26.613739
87200 356.101443 26.617628
87250 356.240023 26.621511
87300 356.378558 26.625393
87350 356.517056 26.629270
87400 356.655524 26.633137
87450 356.793956 26.637000
87500 356.932345 26.640849
87550 357.070695 26.644713
87600 357.208998 26.648573
87650 357.347256 26.652432
87700 357.485476 26.656291
87750 357.623664 26.660140
87800 357.761820 26.663987
87850 357.899925 26.667817
87900 358.037993 26.671657
87950 358.176012 26.675498
88000 358.313983 26.679338
88050 358.451916 26.683180
88100 358.589813 26.687013
88150 358.727683 26.690847
88200 358.865497 26.694665
88250 359.003275 26.698484
88300 359.141001 26.702311
88350 359.278680 26.706134
88400 359.416319 26.709962
88450 359.553921 26.713786
88500 359.691495 26.717611
88550 359.829018 26.721424
88600 359.966500 26.725229
88650 360.103931 26.729045
88700 360.241318 26.732856
88750 360.378663 26.736677
88800 360.515976 26.740496
88850 360.653260 26.744317
88900 360.790504 26.748131
88950 360.927699 26.751932
89000 361.064850 26.755740
89050 361.201956 26.759548
89100 361.339018 26.763366
89150 361.476051 26.767184
89200 361.613053 26.771008
89250 361.750024 26.774829
89300 361.886938 26.778638
89350 362.023812 26.782447
89400 362.160637 26.786261
89450 362.297419 26.790083
89500 362.434172 26.793911
89550 362.570891 26.797745
89600 362.707585 26.801581
89650 362.844222 26.805407
89700 362.980819 26.809225
89750 363.117363 26.813053
89800 363.253867 26.816884
89850 363.390339 26.820728
89900 363.526779 26.824576
89950 363.663193 26.828430
90000 363.799560 26.832276
90050 363.935877 26.836112
90100 364.072146 26.839953
90150 364.208375 26.843798
90200 364.344568 26.847659
90250 364.480733 26.851521
90300 364.616869 26.855394
90350 364.752970 26.859262
90400 364.889012 26.863119
90450 365.025015 26.866973
90500 365.160970 26.870836
90550 365.296890 26.874712
90600 365.432782 26.878593
90650 365.568640 26.882484
90700 365.704471 26.886374
90750 365.840243 26.890255
90800 365.975974 26.894127
90850 366.111652 26.898007
90900 366.247294 26.901896
90950 366.382905 26.905798
91000 366.518479 26.909703
91050 366.654027 26.913612
91100 366.789526 26.917511
91150 366.924973 26.921403
91200 367.060374 26.925294
91250 367.195732 26.929194
91300 367.331054 26.933110
91350 367.466343 26.937025
91400 367.601598 26.940947
91450 367.736816 26.944859
91500 367.871972 26.948764
91550 368.007091 26.952659
91600 368.142155 26.956565
91650 368.277184 26.960482
91700 368.412177 26.964402
91750 368.547128 26.968326
91800 368.682049 26.972244
91850 368.816911 26.976151
91900 368.951730 26.980048
91950 369.086497 26.983947
92000 369.221223 26.987857
92050 369.355911 26.991778
92100 369.490555 26.995694
92150 369.625163 26.999610
92200 369.759724 27.003510
92250 369.894229 27.007403
92300 370.028695 27.011287
92350 370.163109 27.015183
92400 370.297485 27.019091
92450 370.431816 27.022995
92500 370.566100 27.026898
92550 370.700348 27.030789
92600 370.834535 27.034667
92650 370.968685 27.038536
92700 371.102784 27.042407
92750 371.236840 27.046291
92800 371.370854 27.050179
92850 371.504815 27.054061
92900 371.638737 27.057935
92950 371.772607 27.061793
93000 371.906429 27.065643
93050 372.040214 27.069483
93100 372.173946 27.073337
93150 372.307638 27.077200
93200 372.441279 27.081057
93250 372.574869 27.084907
93300 372.708420 27.088744
93350 372.841916 27.092567
93400 372.975378 27.096382
93450 373.108795 27.100200
93500 373.242170 27.104033
93550 373.375500 27.107865
93600 373.508773 27.111691
93650 373.642007 27.115505
93700 373.775190 27.119308
93750 373.908332 27.123104
93800 374.041444 27.126891
93850 374.174505 27.130694
93900 374.307529 27.134504
93950 374.440498 27.138310
94000 374.573416 27.142108
94050 374.706294 27.145898
94100 374.839124 27.149675
94150 374.971924 27.153449
94200 375.104687 27.157225
94250 375.237409 27.161018
94300 375.370089 27.164811
94350 375.502709 27.168599
94400 375.635290 27.172377
94450 375.767823 27.176146
94500 375.900320 27.179911
94550 376.032794 27.183671
94600 376.165222 27.187449
94650 376.297618 27.191231
94700 376.429956 27.195012
94750 376.562242 27.198783
94800 376.694488 27.202550
94850 376.826688 27.206308
94900 376.958862 27.210068
94950 377.091005 27.213829
95000 377.223107 27.217610
95050 377.355171 27.221389
95100 377.487173 27.225167
95150 377.619132 27.228932
95200 377.751044 27.232695
95250 377.882921 27.236453
95300 378.014777 27.240215
95350 378.146592 27.243994
95400 378.278377 27.247779
95450 378.410108 27.251565
95500 378.541786 27.255339
95550 378.673425 27.259108
95600 378.805021 27.262873
95650 378.936588 27.266644
95700 379.068135 27.270418
95750 379.199641 27.274213
95800 379.331117 27.278002
95850 379.462532 27.281796
95900 379.593903 27.285571
95950 379.725233 27.289348
96000 379.856524 27.293121
96050 379.987794 27.296902
96100 380.119032 27.300692
96150 380.250237 27.304495
96200 380.381397 27.308294
96250 380.512499 27.312088
96300 380.643561 27.315870
96350 380.774579 27.319651
96400 380.905561 27.323436
96450 381.036522 27.327227
96500 381.167442 27.331037
96550 381.298332 27.334844
96600 381.429165 27.338655
96650 381.559948 27.342450
96700 381.690690 27.346243
96750 381.821386 27.350034
96800 381.952050 27.353835
96850 382.082685 27.357641
96900 382.213280 27.361463
96950 382.343839 27.365277
97000 382.474337 27.369097
97050 382.604790 27.372898
97100 382.735197 27.376701
97150 382.865560 27.380501
97200 382.995892 27.384311
97250 383.126187 27.388133
97300 383.256448 27.391960
97350 383.386662 27.395785
97400 383.516822 27.399605
97450 383.646940 27.403412
97500 383.777011 27.407220
97550 383.907042 27.411031
97600 384.037042 27.414851
97650 384.167003 27.418685
97700 384.296932 27.422511
97750 384.426809 27.426343
97800 384.556639 27.430159
97850 384.686428 27.433973
97900 384.816168 27.437784
97950 384.945873 27.441601
98000 385.075545 27.445426
98050 385.205179 27.449261
98100 385.334777 27.453087
98150 385.464324 27.456919
98200 385.593827 27.460731
98250 385.723291 27.464544
98300 385.852709 27.468350
98350 385.982095 27.472167
98400 386.111447 27.475996
98450 386.240762 27.479824
98500 386.370039 27.483644
98550 386.499269 27.487463
98600 386.628461 27.491266
98650 386.757614 27.495068
98700 386.886727 27.498866
98750 387.015810 27.502674
98800 387.144860 27.506491
98850 387.273874 27.510301
98900 387.402848 27.514108
98950 387.531782 27.517904
99000 387.660683 27.521692
99050 387.789546 27.525475
99100 387.918372 27.529254
99150 388.047168 27.533045
99200 388.175930 27.536843
99250 388.304656 27.540628
99300 388.433342 27.544413
99350 388.561991 27.548180
99400 388.690610 27.551945
99450 388.819189 27.555701
99500 388.947733 27.559459
99550 389.076243 27.563229
99600 389.204714 27.566998
99650 389.333147 27.570754
99700 389.461541 27.574512
99750 389.589900 27.578252
99800 389.718229 27.581993
99850 389.846513 27.585723
99900 389.974764 27.589457
99950 390.102975 27.593203
100000 390.231144 27.596942
